0.000000000000e+00 2.016658482891e-05
1.000000000000e-09 1.805352811874e-05
2.000000000000e-09 2.095388229489e-05
3.000000000000e-09 2.021960105677e-05
4.000000000000e-09 1.992284287050e-05
5.000000000000e-09 2.033272508347e-05
6.000000000000e-09 2.128432048129e-05
7.000000000000e-09 1.895996674688e-05
8.000000000000e-09 2.181116719153e-05
9.000000000000e-09 2.134527347670e-05
1.000000000000e-08 2.040498446095e-05
1.100000000000e-08 2.037396802198e-05
1.200000000000e-08 2.165434327129e-05
1.300000000000e-08 1.889758461959e-05
1.400000000000e-08 2.067212492823e-05
1.500000000000e-08 2.114217722432e-05
1.600000000000e-08 2.111567188244e-05
1.700000000000e-08 2.172759470630e-05
1.800000000000e-08 1.837138013846e-05
1.900000000000e-08 2.032546293182e-05
2.000000000000e-08 2.087570031390e-05
2.100000000000e-08 1.979332924524e-05
2.200000000000e-08 2.141621506411e-05
2.300000000000e-08 1.896774198024e-05
2.400000000000e-08 1.916681832819e-05
2.500000000000e-08 2.036670269095e-05
2.600000000000e-08 2.165147082420e-05
2.700000000000e-08 2.147694391800e-05
2.800000000000e-08 1.957642882091e-05
2.900000000000e-08 1.975995362823e-05
3.000000000000e-08 1.933744840233e-05
3.100000000000e-08 2.068473545252e-05
3.200000000000e-08 2.071532727002e-05
3.300000000000e-08 2.205564647435e-05
3.400000000000e-08 1.905397151610e-05
3.500000000000e-08 1.985852747112e-05
3.600000000000e-08 1.795421389440e-05
3.700000000000e-08 2.028081786165e-05
3.800000000000e-08 1.948972935860e-05
3.900000000000e-08 1.941601636659e-05
4.000000000000e-08 1.969502709026e-05
4.100000000000e-08 1.966169253177e-05
4.200000000000e-08 1.966851292806e-05
4.300000000000e-08 2.012625130063e-05
4.400000000000e-08 2.163976710418e-05
4.500000000000e-08 1.949603093879e-05
4.600000000000e-08 2.015570450977e-05
4.700000000000e-08 1.949748837941e-05
4.800000000000e-08 2.083356991083e-05
4.900000000000e-08 2.074066144604e-05
5.000000000000e-08 2.021631239086e-05
5.100000000000e-08 1.982426444552e-05
5.200000000000e-08 2.069147931342e-05
5.300000000000e-08 2.045376817069e-05
5.400000000000e-08 2.213410848253e-05
5.500000000000e-08 1.849859487315e-05
5.600000000000e-08 1.888994263629e-05
5.700000000000e-08 1.948387279714e-05
5.800000000000e-08 2.035836636412e-05
5.900000000000e-08 1.958015331975e-05
6.000000000000e-08 2.123456473965e-05
6.100000000000e-08 2.116850758861e-05
6.200000000000e-08 2.016591613283e-05
6.300000000000e-08 2.063004259267e-05
6.400000000000e-08 2.025322915542e-05
6.500000000000e-08 1.982977654957e-05
6.600000000000e-08 1.959192258795e-05
6.700000000000e-08 2.079317480180e-05
6.800000000000e-08 2.071983976245e-05
6.900000000000e-08 2.082745348766e-05
7.000000000000e-08 2.081405107109e-05
7.100000000000e-08 1.838896508946e-05
7.200000000000e-08 2.075408820163e-05
7.300000000000e-08 2.112439812234e-05
7.400000000000e-08 2.225210895932e-05
7.500000000000e-08 2.096168471529e-05
7.600000000000e-08 1.897207389521e-05
7.700000000000e-08 2.028473087643e-05
7.800000000000e-08 1.947760669622e-05
7.900000000000e-08 1.924239031733e-05
8.000000000000e-08 1.938639700513e-05
8.100000000000e-08 1.969459541641e-05
8.200000000000e-08 2.015155908133e-05
8.300000000000e-08 2.049777733159e-05
8.400000000000e-08 2.140086082597e-05
8.500000000000e-08 1.831112406496e-05
8.600000000000e-08 2.150591581492e-05
8.700000000000e-08 1.845822097093e-05
8.800000000000e-08 1.927002668999e-05
8.900000000000e-08 2.024074936015e-05
9.000000000000e-08 1.955822707342e-05
9.100000000000e-08 1.731457039142e-05
9.200000000000e-08 2.003874409433e-05
9.300000000000e-08 1.980251268792e-05
9.400000000000e-08 1.866353972582e-05
9.500000000000e-08 1.846660197865e-05
9.600000000000e-08 1.941965020248e-05
9.700000000000e-08 1.965779997994e-05
9.800000000000e-08 2.034706885405e-05
9.900000000000e-08 2.169095975065e-05
1.000000000000e-07 1.875727539538e-05
1.010000000000e-07 2.057482770603e-05
1.020000000000e-07 1.999157996699e-05
1.030000000000e-07 2.073660482295e-05
1.040000000000e-07 1.955303359557e-05
1.050000000000e-07 1.973728569331e-05
1.060000000000e-07 1.992264512478e-05
1.070000000000e-07 2.088209643343e-05
1.080000000000e-07 1.884553149986e-05
1.090000000000e-07 1.970811623510e-05
1.100000000000e-07 1.941999978146e-05
1.110000000000e-07 1.833464139564e-05
1.120000000000e-07 1.849155489775e-05
1.130000000000e-07 2.067871841872e-05
1.140000000000e-07 1.983195380709e-05
1.150000000000e-07 1.988205620646e-05
1.160000000000e-07 2.199244523471e-05
1.170000000000e-07 2.080449423081e-05
1.180000000000e-07 1.955796824696e-05
1.190000000000e-07 2.014955512079e-05
1.200000000000e-07 1.929163787788e-05
1.210000000000e-07 2.148811896063e-05
1.220000000000e-07 2.097548548545e-05
1.230000000000e-07 2.068834900662e-05
1.240000000000e-07 1.991041624707e-05
1.250000000000e-07 1.913520556528e-05
1.260000000000e-07 1.888804269584e-05
1.270000000000e-07 1.842382608532e-05
1.280000000000e-07 1.833153679679e-05
1.290000000000e-07 1.990708943033e-05
1.300000000000e-07 2.182069504377e-05
1.310000000000e-07 1.995523489809e-05
1.320000000000e-07 1.998956709870e-05
1.330000000000e-07 2.191001720201e-05
1.340000000000e-07 2.055993057625e-05
1.350000000000e-07 1.875031279548e-05
1.360000000000e-07 1.934764821463e-05
1.370000000000e-07 1.982186959745e-05
1.380000000000e-07 1.911008667610e-05
1.390000000000e-07 2.074417475654e-05
1.400000000000e-07 2.069798199411e-05
1.410000000000e-07 2.027888362893e-05
1.420000000000e-07 2.112394878771e-05
1.430000000000e-07 2.061794017746e-05
1.440000000000e-07 2.024767445376e-05
1.450000000000e-07 2.019367412125e-05
1.460000000000e-07 2.121554487171e-05
1.470000000000e-07 1.857660396954e-05
1.480000000000e-07 1.970554550662e-05
1.490000000000e-07 2.139020368354e-05
1.500000000000e-07 1.868354130214e-05
1.510000000000e-07 1.965892927137e-05
1.520000000000e-07 2.039725452059e-05
1.530000000000e-07 2.163521983094e-05
1.540000000000e-07 1.953718924795e-05
1.550000000000e-07 2.003997980635e-05
1.560000000000e-07 1.986809163512e-05
1.570000000000e-07 2.080012554941e-05
1.580000000000e-07 2.060230302106e-05
1.590000000000e-07 1.866552357443e-05
1.600000000000e-07 1.955719628424e-05
1.610000000000e-07 2.121461918453e-05
1.620000000000e-07 1.961754587674e-05
1.630000000000e-07 2.014671774550e-05
1.640000000000e-07 1.901557037023e-05
1.650000000000e-07 2.042814294427e-05
1.660000000000e-07 2.028947780879e-05
1.670000000000e-07 2.023219088212e-05
1.680000000000e-07 2.157143379018e-05
1.690000000000e-07 2.016646349858e-05
1.700000000000e-07 2.084078858052e-05
1.710000000000e-07 1.940975990294e-05
1.720000000000e-07 2.067827631742e-05
1.730000000000e-07 1.914317379209e-05
1.740000000000e-07 2.008000828100e-05
1.750000000000e-07 1.955239524387e-05
1.760000000000e-07 1.882697726263e-05
1.770000000000e-07 1.941739072460e-05
1.780000000000e-07 2.026718528490e-05
1.790000000000e-07 1.989412690674e-05
1.800000000000e-07 2.044077518018e-05
1.810000000000e-07 2.092464656819e-05
1.820000000000e-07 2.017516829391e-05
1.830000000000e-07 2.099746252823e-05
1.840000000000e-07 2.037382756151e-05
1.850000000000e-07 2.170583471584e-05
1.860000000000e-07 1.995816846160e-05
1.870000000000e-07 1.981591436872e-05
1.880000000000e-07 2.094878276330e-05
1.890000000000e-07 1.911207037436e-05
1.900000000000e-07 1.953892092862e-05
1.910000000000e-07 2.077268449795e-05
1.920000000000e-07 2.197806972596e-05
1.930000000000e-07 1.964944017005e-05
1.940000000000e-07 2.203596590998e-05
1.950000000000e-07 1.982086103216e-05
1.960000000000e-07 1.945188681697e-05
1.970000000000e-07 1.864949247554e-05
1.980000000000e-07 1.922125480127e-05
1.990000000000e-07 1.877110449471e-05
2.000000000000e-07 1.964491157627e-05
2.010000000000e-07 2.145143435350e-05
2.020000000000e-07 2.058280577485e-05
2.030000000000e-07 1.932897689501e-05
2.040000000000e-07 1.906441883703e-05
2.050000000000e-07 2.015624669793e-05
2.060000000000e-07 1.784683551956e-05
2.070000000000e-07 2.148922889168e-05
2.080000000000e-07 1.895776369227e-05
2.090000000000e-07 1.993926702542e-05
2.100000000000e-07 2.005356694940e-05
2.110000000000e-07 1.915738654510e-05
2.120000000000e-07 2.165483854064e-05
2.130000000000e-07 2.021895031514e-05
2.140000000000e-07 2.072865754345e-05
2.150000000000e-07 2.255280159893e-05
2.160000000000e-07 1.899323485892e-05
2.170000000000e-07 1.944697467318e-05
2.180000000000e-07 1.838192706906e-05
2.190000000000e-07 2.029819176478e-05
2.200000000000e-07 1.882659323216e-05
2.210000000000e-07 2.208952545035e-05
2.220000000000e-07 1.936676354243e-05
2.230000000000e-07 2.070602129174e-05
2.240000000000e-07 2.083054964136e-05
2.250000000000e-07 1.935330978644e-05
2.260000000000e-07 2.085255153361e-05
2.270000000000e-07 2.102392180457e-05
2.280000000000e-07 1.944872162110e-05
2.290000000000e-07 2.181935348035e-05
2.300000000000e-07 1.931555646945e-05
2.310000000000e-07 1.909104005635e-05
2.320000000000e-07 1.927137679176e-05
2.330000000000e-07 1.776743557826e-05
2.340000000000e-07 2.002217926970e-05
2.350000000000e-07 1.998811323413e-05
2.360000000000e-07 2.177141081853e-05
2.370000000000e-07 2.058735815278e-05
2.380000000000e-07 2.143748324554e-05
2.390000000000e-07 1.924965214065e-05
2.400000000000e-07 2.021485366548e-05
2.410000000000e-07 1.879519061877e-05
2.420000000000e-07 1.992228883877e-05
2.430000000000e-07 2.211054565232e-05
2.440000000000e-07 2.027989873978e-05
2.450000000000e-07 2.048930281912e-05
2.460000000000e-07 2.092040032277e-05
2.470000000000e-07 1.921593671353e-05
2.480000000000e-07 2.176708148889e-05
2.490000000000e-07 2.038030464314e-05
2.500000000000e-07 2.080463893924e-05
2.510000000000e-07 1.966607243386e-05
2.520000000000e-07 2.105877465868e-05
2.530000000000e-07 1.948572124654e-05
2.540000000000e-07 2.039342909486e-05
2.550000000000e-07 1.983664042564e-05
2.560000000000e-07 1.918410082850e-05
2.570000000000e-07 2.052501947604e-05
2.580000000000e-07 2.005339642954e-05
2.590000000000e-07 2.140607433647e-05
2.600000000000e-07 1.887049462250e-05
2.610000000000e-07 2.033412952075e-05
2.620000000000e-07 2.049575558647e-05
2.630000000000e-07 1.917010526342e-05
2.640000000000e-07 1.951495644288e-05
2.650000000000e-07 2.066824619535e-05
2.660000000000e-07 2.180281996257e-05
2.670000000000e-07 2.054486595291e-05
2.680000000000e-07 1.854904130351e-05
2.690000000000e-07 1.986401950597e-05
2.700000000000e-07 2.199128499987e-05
2.710000000000e-07 1.876387451593e-05
2.720000000000e-07 1.947403037766e-05
2.730000000000e-07 2.068465292293e-05
2.740000000000e-07 1.923805436241e-05
2.750000000000e-07 2.040560900199e-05
2.760000000000e-07 2.017905142146e-05
2.770000000000e-07 1.998643550952e-05
2.780000000000e-07 2.013754437103e-05
2.790000000000e-07 1.929440966232e-05
2.800000000000e-07 1.858684466965e-05
2.810000000000e-07 2.004612887512e-05
2.820000000000e-07 2.037506471981e-05
2.830000000000e-07 2.055008808215e-05
2.840000000000e-07 1.939347124708e-05
2.850000000000e-07 2.042115657001e-05
2.860000000000e-07 1.772667352053e-05
2.870000000000e-07 2.091694591786e-05
2.880000000000e-07 1.818572301975e-05
2.890000000000e-07 2.029648069351e-05
2.900000000000e-07 2.010048210508e-05
2.910000000000e-07 1.924008823819e-05
2.920000000000e-07 2.072606569640e-05
2.930000000000e-07 1.907376407677e-05
2.940000000000e-07 1.996730434169e-05
2.950000000000e-07 1.995445794778e-05
2.960000000000e-07 2.130272715261e-05
2.970000000000e-07 2.012095164137e-05
2.980000000000e-07 1.851385772691e-05
2.990000000000e-07 1.944222614971e-05
3.000000000000e-07 2.160067325155e-05
3.010000000000e-07 1.866545308176e-05
3.020000000000e-07 1.980079026834e-05
3.030000000000e-07 2.019976632543e-05
3.040000000000e-07 2.092280322140e-05
3.050000000000e-07 1.918271541939e-05
3.060000000000e-07 1.975304595854e-05
3.070000000000e-07 1.772436473711e-05
3.080000000000e-07 2.114852284325e-05
3.090000000000e-07 2.043306150695e-05
3.100000000000e-07 2.034399124334e-05
3.110000000000e-07 1.903128337822e-05
3.120000000000e-07 1.859918063790e-05
3.130000000000e-07 2.099413022880e-05
3.140000000000e-07 1.974983799906e-05
3.150000000000e-07 2.039178024753e-05
3.160000000000e-07 2.130332875651e-05
3.170000000000e-07 1.996486795899e-05
3.180000000000e-07 1.952531737233e-05
3.190000000000e-07 2.094971524304e-05
3.200000000000e-07 2.059334382171e-05
3.210000000000e-07 2.007133888506e-05
3.220000000000e-07 2.073701759015e-05
3.230000000000e-07 2.010857245637e-05
3.240000000000e-07 1.911650644410e-05
3.250000000000e-07 1.927714489879e-05
3.260000000000e-07 1.913788443630e-05
3.270000000000e-07 1.990066240453e-05
3.280000000000e-07 2.094732625087e-05
3.290000000000e-07 1.933416159276e-05
3.300000000000e-07 1.987160847479e-05
3.310000000000e-07 2.111068686233e-05
3.320000000000e-07 1.848594092827e-05
3.330000000000e-07 2.133324878663e-05
3.340000000000e-07 2.017364635319e-05
3.350000000000e-07 2.107886120950e-05
3.360000000000e-07 2.012919016833e-05
3.370000000000e-07 2.013744303795e-05
3.380000000000e-07 2.079149735865e-05
3.390000000000e-07 1.994370252990e-05
3.400000000000e-07 1.890131832073e-05
3.410000000000e-07 2.101502373747e-05
3.420000000000e-07 2.125006592594e-05
3.430000000000e-07 1.920865768333e-05
3.440000000000e-07 1.893550765029e-05
3.450000000000e-07 2.114747452086e-05
3.460000000000e-07 1.997459615745e-05
3.470000000000e-07 2.003323490320e-05
3.480000000000e-07 2.084983900157e-05
3.490000000000e-07 2.014306802668e-05
3.500000000000e-07 1.888869618679e-05
3.510000000000e-07 1.913726942576e-05
3.520000000000e-07 1.933961882159e-05
3.530000000000e-07 1.973603089659e-05
3.540000000000e-07 1.889311828658e-05
3.550000000000e-07 1.923929463713e-05
3.560000000000e-07 2.014190595158e-05
3.570000000000e-07 1.919477089516e-05
3.580000000000e-07 1.903006055228e-05
3.590000000000e-07 2.150140676689e-05
3.600000000000e-07 2.040194138481e-05
3.610000000000e-07 1.980594412371e-05
3.620000000000e-07 2.031098922199e-05
3.630000000000e-07 1.938846363694e-05
3.640000000000e-07 1.975532760120e-05
3.650000000000e-07 1.974494979156e-05
3.660000000000e-07 2.073677830408e-05
3.670000000000e-07 2.009611658055e-05
3.680000000000e-07 1.950630947247e-05
3.690000000000e-07 1.938987899506e-05
3.700000000000e-07 1.822042307256e-05
3.710000000000e-07 1.963419693803e-05
3.720000000000e-07 1.830576283113e-05
3.730000000000e-07 2.209890560486e-05
3.740000000000e-07 1.953468960365e-05
3.750000000000e-07 1.966762952540e-05
3.760000000000e-07 1.908521603848e-05
3.770000000000e-07 2.116062112391e-05
3.780000000000e-07 1.822547018039e-05
3.790000000000e-07 2.013012200842e-05
3.800000000000e-07 1.919775224693e-05
3.810000000000e-07 1.990304491279e-05
3.820000000000e-07 2.044003972231e-05
3.830000000000e-07 1.940750606675e-05
3.840000000000e-07 2.130973243617e-05
3.850000000000e-07 1.995653218696e-05
3.860000000000e-07 2.164976677747e-05
3.870000000000e-07 1.859364345258e-05
3.880000000000e-07 1.859504327375e-05
3.890000000000e-07 2.136167697229e-05
3.900000000000e-07 1.907224836610e-05
3.910000000000e-07 2.198145609049e-05
3.920000000000e-07 1.890502490694e-05
3.930000000000e-07 1.944729549927e-05
3.940000000000e-07 2.172494962061e-05
3.950000000000e-07 2.007045259606e-05
3.960000000000e-07 2.074980377754e-05
3.970000000000e-07 2.050589120804e-05
3.980000000000e-07 2.087832023407e-05
3.990000000000e-07 1.928280944700e-05
4.000000000000e-07 2.151572102051e-05
4.010000000000e-07 1.889671705942e-05
4.020000000000e-07 2.099810514951e-05
4.030000000000e-07 1.825341806840e-05
4.040000000000e-07 1.791918506449e-05
4.050000000000e-07 1.999035581518e-05
4.060000000000e-07 1.957154961706e-05
4.070000000000e-07 1.989460768927e-05
4.080000000000e-07 1.833677926690e-05
4.090000000000e-07 1.980684316416e-05
4.100000000000e-07 1.931459093799e-05
4.110000000000e-07 2.106095890186e-05
4.120000000000e-07 2.050580186285e-05
4.130000000000e-07 2.060994203244e-05
4.140000000000e-07 2.050813937448e-05
4.150000000000e-07 1.971187168338e-05
4.160000000000e-07 1.984641857528e-05
4.170000000000e-07 2.031007360995e-05
4.180000000000e-07 1.946783692102e-05
4.190000000000e-07 2.100614776168e-05
4.200000000000e-07 2.051492965593e-05
4.210000000000e-07 1.886909782253e-05
4.220000000000e-07 2.028006642382e-05
4.230000000000e-07 1.967782058884e-05
4.240000000000e-07 1.917623966882e-05
4.250000000000e-07 1.936398841401e-05
4.260000000000e-07 1.983141456302e-05
4.270000000000e-07 2.002998047101e-05
4.280000000000e-07 2.023059226536e-05
4.290000000000e-07 2.206687517409e-05
4.300000000000e-07 2.011595386743e-05
4.310000000000e-07 1.977859905123e-05
4.320000000000e-07 2.059122939089e-05
4.330000000000e-07 2.197841217013e-05
4.340000000000e-07 2.057949472525e-05
4.350000000000e-07 1.891300279901e-05
4.360000000000e-07 1.883861740208e-05
4.370000000000e-07 1.796573663038e-05
4.380000000000e-07 2.034939179173e-05
4.390000000000e-07 1.899763865673e-05
4.400000000000e-07 2.159542383536e-05
4.410000000000e-07 1.869665189813e-05
4.420000000000e-07 1.983790639745e-05
4.430000000000e-07 2.099511056574e-05
4.440000000000e-07 2.085043575870e-05
4.450000000000e-07 2.041553282746e-05
4.460000000000e-07 2.188945557390e-05
4.470000000000e-07 2.150233816679e-05
4.480000000000e-07 2.212623422785e-05
4.490000000000e-07 1.954652156208e-05
4.500000000000e-07 1.956656943588e-05
4.510000000000e-07 2.012207571175e-05
4.520000000000e-07 1.968017818798e-05
4.530000000000e-07 1.862463606745e-05
4.540000000000e-07 2.002393617076e-05
4.550000000000e-07 2.044270620449e-05
4.560000000000e-07 1.874850755891e-05
4.570000000000e-07 2.062460183478e-05
4.580000000000e-07 2.083133142585e-05
4.590000000000e-07 2.016903549060e-05
4.600000000000e-07 1.808254221260e-05
4.610000000000e-07 1.859237701516e-05
4.620000000000e-07 1.898475179668e-05
4.630000000000e-07 2.067967399042e-05
4.640000000000e-07 1.997815196616e-05
4.650000000000e-07 2.026519895196e-05
4.660000000000e-07 2.025152526937e-05
4.670000000000e-07 2.024255442136e-05
4.680000000000e-07 1.833704901273e-05
4.690000000000e-07 2.077324211350e-05
4.700000000000e-07 1.930203098448e-05
4.710000000000e-07 2.041581128009e-05
4.720000000000e-07 1.859549766416e-05
4.730000000000e-07 1.840448010753e-05
4.740000000000e-07 1.979549215569e-05
4.750000000000e-07 2.113439261492e-05
4.760000000000e-07 1.962656211561e-05
4.770000000000e-07 1.879156384440e-05
4.780000000000e-07 2.107605842649e-05
4.790000000000e-07 1.897912785163e-05
4.800000000000e-07 1.954855254193e-05
4.810000000000e-07 1.995814222115e-05
4.820000000000e-07 1.853000613405e-05
4.830000000000e-07 2.088635851796e-05
4.840000000000e-07 2.047694700976e-05
4.850000000000e-07 2.055127643440e-05
4.860000000000e-07 2.118370534270e-05
4.870000000000e-07 1.840855190879e-05
4.880000000000e-07 2.001764512169e-05
4.890000000000e-07 2.085110974975e-05
4.900000000000e-07 2.079380900620e-05
4.910000000000e-07 2.107278845179e-05
4.920000000000e-07 1.903310693384e-05
4.930000000000e-07 1.992187914208e-05
4.940000000000e-07 2.011436866792e-05
4.950000000000e-07 1.812203786296e-05
4.960000000000e-07 2.195523039466e-05
4.970000000000e-07 2.028546164606e-05
4.980000000000e-07 1.843845778520e-05
4.990000000000e-07 2.161281965834e-05
5.000000000000e-07 2.120461649727e-05
5.010000000000e-07 2.095626379337e-05
5.020000000000e-07 2.197168379907e-05
5.030000000000e-07 1.965978351726e-05
5.040000000000e-07 2.258694947513e-05
5.050000000000e-07 2.199644792648e-05
5.060000000000e-07 2.096135731383e-05
5.070000000000e-07 1.947334720829e-05
5.080000000000e-07 2.018956022679e-05
5.090000000000e-07 1.974308226693e-05
5.100000000000e-07 2.125026930027e-05
5.110000000000e-07 1.964175946922e-05
5.120000000000e-07 2.048066018419e-05
5.130000000000e-07 1.839140812024e-05
5.140000000000e-07 1.949687462426e-05
5.150000000000e-07 2.021983953320e-05
5.160000000000e-07 2.105329226094e-05
5.170000000000e-07 1.981786370831e-05
5.180000000000e-07 2.050132636759e-05
5.190000000000e-07 1.940391752163e-05
5.200000000000e-07 1.887915303844e-05
5.210000000000e-07 1.940681298473e-05
5.220000000000e-07 1.940721542248e-05
5.230000000000e-07 1.867114649020e-05
5.240000000000e-07 1.932748467636e-05
5.250000000000e-07 2.112499343440e-05
5.260000000000e-07 1.921465763108e-05
5.270000000000e-07 1.929165547778e-05
5.280000000000e-07 1.976849838945e-05
5.290000000000e-07 1.866024066293e-05
5.300000000000e-07 2.057905783001e-05
5.310000000000e-07 2.216196430630e-05
5.320000000000e-07 2.018852051159e-05
5.330000000000e-07 2.059644375236e-05
5.340000000000e-07 1.912375325536e-05
5.350000000000e-07 1.823257516839e-05
5.360000000000e-07 1.930645981794e-05
5.370000000000e-07 2.003989294865e-05
5.380000000000e-07 1.977688406798e-05
5.390000000000e-07 1.822795413169e-05
5.400000000000e-07 1.906691274997e-05
5.410000000000e-07 2.193065319712e-05
5.420000000000e-07 1.884355972721e-05
5.430000000000e-07 1.995445783937e-05
5.440000000000e-07 2.002549022682e-05
5.450000000000e-07 2.031858603608e-05
5.460000000000e-07 2.243577606103e-05
5.470000000000e-07 1.877664140686e-05
5.480000000000e-07 2.176918299698e-05
5.490000000000e-07 1.915617358494e-05
5.500000000000e-07 1.872614531385e-05
5.510000000000e-07 1.870935701698e-05
5.520000000000e-07 2.123611847146e-05
5.530000000000e-07 1.997991693064e-05
5.540000000000e-07 1.941222701072e-05
5.550000000000e-07 1.885046141784e-05
5.560000000000e-07 1.862682057387e-05
5.570000000000e-07 2.006767843184e-05
5.580000000000e-07 1.885335617190e-05
5.590000000000e-07 1.968916142671e-05
5.600000000000e-07 1.958218633017e-05
5.610000000000e-07 2.128394882327e-05
5.620000000000e-07 2.049298857931e-05
5.630000000000e-07 1.914055946231e-05
5.640000000000e-07 1.899344776726e-05
5.650000000000e-07 1.899200882148e-05
5.660000000000e-07 1.934231835398e-05
5.670000000000e-07 1.930985624487e-05
5.680000000000e-07 1.896023359593e-05
5.690000000000e-07 2.103855504159e-05
5.700000000000e-07 1.996474285606e-05
5.710000000000e-07 1.899510173133e-05
5.720000000000e-07 1.917810513988e-05
5.730000000000e-07 1.858860701381e-05
5.740000000000e-07 1.940421912749e-05
5.750000000000e-07 1.872326467625e-05
5.760000000000e-07 2.067920187866e-05
5.770000000000e-07 2.106485744859e-05
5.780000000000e-07 1.977067125612e-05
5.790000000000e-07 1.934534349004e-05
5.800000000000e-07 2.055009107676e-05
5.810000000000e-07 2.037806424791e-05
5.820000000000e-07 2.004315904046e-05
5.830000000000e-07 1.712452074405e-05
5.840000000000e-07 1.981316807615e-05
5.850000000000e-07 1.999424988881e-05
5.860000000000e-07 2.093793482796e-05
5.870000000000e-07 1.919950676175e-05
5.880000000000e-07 2.046890880640e-05
5.890000000000e-07 1.939691664850e-05
5.900000000000e-07 2.216607754508e-05
5.910000000000e-07 2.059317838227e-05
5.920000000000e-07 2.089016461485e-05
5.930000000000e-07 1.998142105035e-05
5.940000000000e-07 2.169606766873e-05
5.950000000000e-07 1.939957006873e-05
5.960000000000e-07 2.193426586712e-05
5.970000000000e-07 2.026781369323e-05
5.980000000000e-07 2.008908361033e-05
5.990000000000e-07 2.035190895175e-05
6.000000000000e-07 2.089116037521e-05
6.010000000000e-07 1.969875293294e-05
6.020000000000e-07 2.065521844875e-05
6.030000000000e-07 2.089678284782e-05
6.040000000000e-07 1.973435211865e-05
6.050000000000e-07 2.055263961130e-05
6.060000000000e-07 1.960228730412e-05
6.070000000000e-07 1.969732628463e-05
6.080000000000e-07 1.864218526938e-05
6.090000000000e-07 1.960112288467e-05
6.100000000000e-07 2.005938650952e-05
6.110000000000e-07 1.982911033618e-05
6.120000000000e-07 1.967910237968e-05
6.130000000000e-07 1.982089483230e-05
6.140000000000e-07 1.917129604427e-05
6.150000000000e-07 2.021705622537e-05
6.160000000000e-07 2.028349718007e-05
6.170000000000e-07 1.791737347820e-05
6.180000000000e-07 2.109708280588e-05
6.190000000000e-07 1.839306818109e-05
6.200000000000e-07 2.067672200662e-05
6.210000000000e-07 2.003917697807e-05
6.220000000000e-07 2.071440447940e-05
6.230000000000e-07 2.062143657061e-05
6.240000000000e-07 1.881837832917e-05
6.250000000000e-07 1.838212058424e-05
6.260000000000e-07 1.946416035970e-05
6.270000000000e-07 1.782599950087e-05
6.280000000000e-07 1.971562519701e-05
6.290000000000e-07 2.011146592604e-05
6.300000000000e-07 1.984149456563e-05
6.310000000000e-07 2.005769138137e-05
6.320000000000e-07 2.048833447139e-05
6.330000000000e-07 2.181836996399e-05
6.340000000000e-07 1.959258478497e-05
6.350000000000e-07 2.105853323981e-05
6.360000000000e-07 2.017375438337e-05
6.370000000000e-07 2.060432657400e-05
6.380000000000e-07 2.025807816575e-05
6.390000000000e-07 1.856504344905e-05
6.400000000000e-07 1.811388526667e-05
6.410000000000e-07 1.998094993632e-05
6.420000000000e-07 2.008446822482e-05
6.430000000000e-07 2.008089296835e-05
6.440000000000e-07 2.227593126874e-05
6.450000000000e-07 2.102864051088e-05
6.460000000000e-07 2.229591089436e-05
6.470000000000e-07 2.380538178344e-05
6.480000000000e-07 2.119660440607e-05
6.490000000000e-07 2.011925982526e-05
6.500000000000e-07 1.914525177193e-05
6.510000000000e-07 1.975020032158e-05
6.520000000000e-07 1.943900205842e-05
6.530000000000e-07 1.951955179160e-05
6.540000000000e-07 2.139327117597e-05
6.550000000000e-07 1.962576105896e-05
6.560000000000e-07 2.017882114116e-05
6.570000000000e-07 1.941135260614e-05
6.580000000000e-07 1.939009579402e-05
6.590000000000e-07 2.104245110828e-05
6.600000000000e-07 1.972854401655e-05
6.610000000000e-07 1.947259742619e-05
6.620000000000e-07 2.120173152113e-05
6.630000000000e-07 1.992864505936e-05
6.640000000000e-07 1.822156138450e-05
6.650000000000e-07 2.048899933355e-05
6.660000000000e-07 2.048764504448e-05
6.670000000000e-07 1.936875129921e-05
6.680000000000e-07 1.993135531048e-05
6.690000000000e-07 1.840693678441e-05
6.700000000000e-07 1.860281639876e-05
6.710000000000e-07 1.931437590335e-05
6.720000000000e-07 1.837373157392e-05
6.730000000000e-07 1.932717730963e-05
6.740000000000e-07 2.073757881818e-05
6.750000000000e-07 2.105382548083e-05
6.760000000000e-07 1.896171321931e-05
6.770000000000e-07 1.989870826403e-05
6.780000000000e-07 2.109492876954e-05
6.790000000000e-07 2.015713598588e-05
6.800000000000e-07 1.994957522216e-05
6.810000000000e-07 2.080851695323e-05
6.820000000000e-07 2.025726786630e-05
6.830000000000e-07 1.810158007766e-05
6.840000000000e-07 1.981975837264e-05
6.850000000000e-07 1.911453077220e-05
6.860000000000e-07 2.014067662667e-05
6.870000000000e-07 2.016830012581e-05
6.880000000000e-07 1.943441102742e-05
6.890000000000e-07 1.911991358086e-05
6.900000000000e-07 1.942343985068e-05
6.910000000000e-07 1.941650763430e-05
6.920000000000e-07 2.002865106460e-05
6.930000000000e-07 1.873799795059e-05
6.940000000000e-07 2.012134258674e-05
6.950000000000e-07 2.036393831475e-05
6.960000000000e-07 2.011291520907e-05
6.970000000000e-07 1.939553232320e-05
6.980000000000e-07 2.255671181742e-05
6.990000000000e-07 2.041142887869e-05
7.000000000000e-07 2.053254831815e-05
7.010000000000e-07 1.955387186513e-05
7.020000000000e-07 1.924532695508e-05
7.030000000000e-07 2.042625983068e-05
7.040000000000e-07 2.048597855827e-05
7.050000000000e-07 2.038866591462e-05
7.060000000000e-07 1.959489319375e-05
7.070000000000e-07 1.980812476856e-05
7.080000000000e-07 2.014063905961e-05
7.090000000000e-07 1.993274063182e-05
7.100000000000e-07 1.925603844418e-05
7.110000000000e-07 1.888869014462e-05
7.120000000000e-07 2.049992406947e-05
7.130000000000e-07 1.976006906822e-05
7.140000000000e-07 1.854754371562e-05
7.150000000000e-07 2.100023736967e-05
7.160000000000e-07 1.887989281109e-05
7.170000000000e-07 1.978843995378e-05
7.180000000000e-07 1.978788553602e-05
7.190000000000e-07 1.841749127480e-05
7.200000000000e-07 2.010167733535e-05
7.210000000000e-07 1.882338185375e-05
7.220000000000e-07 1.731892299638e-05
7.230000000000e-07 2.142655523172e-05
7.240000000000e-07 1.986974906369e-05
7.250000000000e-07 1.860235104437e-05
7.260000000000e-07 2.077779947064e-05
7.270000000000e-07 2.077107021599e-05
7.280000000000e-07 2.012219624840e-05
7.290000000000e-07 1.922093442330e-05
7.300000000000e-07 1.946641280976e-05
7.310000000000e-07 2.219245582754e-05
7.320000000000e-07 1.950164578402e-05
7.330000000000e-07 1.922740647302e-05
7.340000000000e-07 2.209619180789e-05
7.350000000000e-07 2.095495941057e-05
7.360000000000e-07 2.182888316382e-05
7.370000000000e-07 2.015915993637e-05
7.380000000000e-07 1.788663439694e-05
7.390000000000e-07 1.920233745001e-05
7.400000000000e-07 2.013157786600e-05
7.410000000000e-07 1.900911252781e-05
7.420000000000e-07 2.036421102705e-05
7.430000000000e-07 2.056886919617e-05
7.440000000000e-07 2.073631263383e-05
7.450000000000e-07 2.224451995313e-05
7.460000000000e-07 1.992821887503e-05
7.470000000000e-07 2.064610567743e-05
7.480000000000e-07 2.154517489067e-05
7.490000000000e-07 1.968243690358e-05
7.500000000000e-07 2.081701545755e-05
7.510000000000e-07 2.006283663418e-05
7.520000000000e-07 1.990969037160e-05
7.530000000000e-07 2.045489842019e-05
7.540000000000e-07 2.020839021714e-05
7.550000000000e-07 1.986203264997e-05
7.560000000000e-07 2.064018675390e-05
7.570000000000e-07 2.071677021502e-05
7.580000000000e-07 2.115479564761e-05
7.590000000000e-07 2.077922263682e-05
7.600000000000e-07 1.923562604950e-05
7.610000000000e-07 1.948766965677e-05
7.620000000000e-07 2.059745670624e-05
7.630000000000e-07 1.833314851995e-05
7.640000000000e-07 2.180607071631e-05
7.650000000000e-07 2.058504694217e-05
7.660000000000e-07 1.887824054894e-05
7.670000000000e-07 1.869319291596e-05
7.680000000000e-07 1.987247513372e-05
7.690000000000e-07 2.019809384187e-05
7.700000000000e-07 1.865356195041e-05
7.710000000000e-07 1.837671557779e-05
7.720000000000e-07 2.019120686403e-05
7.730000000000e-07 2.140502854191e-05
7.740000000000e-07 2.131829751999e-05
7.750000000000e-07 1.817792938311e-05
7.760000000000e-07 2.162957221512e-05
7.770000000000e-07 2.007257488469e-05
7.780000000000e-07 2.033432676145e-05
7.790000000000e-07 2.167180573538e-05
7.800000000000e-07 2.099948407660e-05
7.810000000000e-07 1.906289644858e-05
7.820000000000e-07 1.977517928409e-05
7.830000000000e-07 2.067010088569e-05
7.840000000000e-07 2.069455028674e-05
7.850000000000e-07 1.909320537235e-05
7.860000000000e-07 1.953309731665e-05
7.870000000000e-07 1.885963022025e-05
7.880000000000e-07 2.221578208355e-05
7.890000000000e-07 1.851453252837e-05
7.900000000000e-07 2.083738121253e-05
7.910000000000e-07 2.072537176515e-05
7.920000000000e-07 2.003047696883e-05
7.930000000000e-07 2.063136744591e-05
7.940000000000e-07 2.017513792367e-05
7.950000000000e-07 2.015954957365e-05
7.960000000000e-07 1.923280324984e-05
7.970000000000e-07 1.908796008707e-05
7.980000000000e-07 2.063594464171e-05
7.990000000000e-07 2.008359607086e-05
8.000000000000e-07 1.953034146472e-05
8.010000000000e-07 1.985728098691e-05
8.020000000000e-07 2.022766646062e-05
8.030000000000e-07 2.013072629132e-05
8.040000000000e-07 1.901582241865e-05
8.050000000000e-07 1.906699415924e-05
8.060000000000e-07 2.155701467771e-05
8.070000000000e-07 2.171820190658e-05
8.080000000000e-07 2.020950454793e-05
8.090000000000e-07 2.039925998049e-05
8.100000000000e-07 2.103229042262e-05
8.110000000000e-07 1.965390065639e-05
8.120000000000e-07 1.975814522290e-05
8.130000000000e-07 1.987809941349e-05
8.140000000000e-07 1.903840051742e-05
8.150000000000e-07 1.867045468967e-05
8.160000000000e-07 1.824042767149e-05
8.170000000000e-07 2.122403065572e-05
8.180000000000e-07 1.967177978980e-05
8.190000000000e-07 1.934394765875e-05
8.200000000000e-07 2.209032850432e-05
8.210000000000e-07 1.848446798843e-05
8.220000000000e-07 2.070953367707e-05
8.230000000000e-07 2.030424929958e-05
8.240000000000e-07 2.018471955094e-05
8.250000000000e-07 2.033795774556e-05
8.260000000000e-07 2.038132425472e-05
8.270000000000e-07 1.851283112876e-05
8.280000000000e-07 1.837574483657e-05
8.290000000000e-07 1.946340842114e-05
8.300000000000e-07 1.977624790783e-05
8.310000000000e-07 1.890703448645e-05
8.320000000000e-07 2.130352604704e-05
8.330000000000e-07 1.948928397729e-05
8.340000000000e-07 1.925838625032e-05
8.350000000000e-07 1.929015087138e-05
8.360000000000e-07 2.027921053573e-05
8.370000000000e-07 1.959750405350e-05
8.380000000000e-07 1.897978564993e-05
8.390000000000e-07 2.053725779778e-05
8.400000000000e-07 1.906028910512e-05
8.410000000000e-07 2.178363456020e-05
8.420000000000e-07 2.033992640194e-05
8.430000000000e-07 2.114787272925e-05
8.440000000000e-07 2.131316792534e-05
8.450000000000e-07 1.874181542819e-05
8.460000000000e-07 1.844506680156e-05
8.470000000000e-07 2.221938534393e-05
8.480000000000e-07 2.066409575096e-05
8.490000000000e-07 2.080372369946e-05
8.500000000000e-07 1.913871677282e-05
8.510000000000e-07 2.076880225465e-05
8.520000000000e-07 1.800664247212e-05
8.530000000000e-07 2.098053795082e-05
8.540000000000e-07 2.019376277552e-05
8.550000000000e-07 2.011192875339e-05
8.560000000000e-07 2.227142297703e-05
8.570000000000e-07 2.070952550389e-05
8.580000000000e-07 1.827646036073e-05
8.590000000000e-07 2.068588602157e-05
8.600000000000e-07 2.032005678027e-05
8.610000000000e-07 1.960128879932e-05
8.620000000000e-07 2.105618634107e-05
8.630000000000e-07 1.812051935993e-05
8.640000000000e-07 2.043481044311e-05
8.650000000000e-07 2.047523585169e-05
8.660000000000e-07 1.938819909351e-05
8.670000000000e-07 1.913504131902e-05
8.680000000000e-07 2.035005210265e-05
8.690000000000e-07 1.937923745268e-05
8.700000000000e-07 1.847208977387e-05
8.710000000000e-07 2.022704436072e-05
8.720000000000e-07 1.994277184182e-05
8.730000000000e-07 1.967305871177e-05
8.740000000000e-07 2.063766306682e-05
8.750000000000e-07 2.065198233699e-05
8.760000000000e-07 1.927189196871e-05
8.770000000000e-07 2.110394907839e-05
8.780000000000e-07 1.922287590031e-05
8.790000000000e-07 1.912620258782e-05
8.800000000000e-07 2.011222358947e-05
8.810000000000e-07 2.153775667551e-05
8.820000000000e-07 1.946270448273e-05
8.830000000000e-07 1.879185957312e-05
8.840000000000e-07 2.121221326931e-05
8.850000000000e-07 2.031473189706e-05
8.860000000000e-07 2.029641387077e-05
8.870000000000e-07 2.153173719517e-05
8.880000000000e-07 2.187326175010e-05
8.890000000000e-07 2.008619609643e-05
8.900000000000e-07 2.148096645168e-05
8.910000000000e-07 1.963024152519e-05
8.920000000000e-07 2.197485783298e-05
8.930000000000e-07 1.941159126740e-05
8.940000000000e-07 2.152698518569e-05
8.950000000000e-07 1.969963298318e-05
8.960000000000e-07 1.793906452674e-05
8.970000000000e-07 2.017595155200e-05
8.980000000000e-07 2.038700896971e-05
8.990000000000e-07 1.954670312001e-05
9.000000000000e-07 2.094079472928e-05
9.010000000000e-07 2.104710053127e-05
9.020000000000e-07 1.908778652370e-05
9.030000000000e-07 2.101211321270e-05
9.040000000000e-07 1.886626174589e-05
9.050000000000e-07 2.013451572015e-05
9.060000000000e-07 1.898604189376e-05
9.070000000000e-07 1.945263642363e-05
9.080000000000e-07 2.003620124435e-05
9.090000000000e-07 1.889391159377e-05
9.100000000000e-07 1.901830313472e-05
9.110000000000e-07 2.092459233501e-05
9.120000000000e-07 1.849420972615e-05
9.130000000000e-07 1.840939062401e-05
9.140000000000e-07 2.102973310630e-05
9.150000000000e-07 1.972457890038e-05
9.160000000000e-07 2.240373021746e-05
9.170000000000e-07 1.937941962132e-05
9.180000000000e-07 2.074934319060e-05
9.190000000000e-07 2.051585044172e-05
9.200000000000e-07 1.867607203124e-05
9.210000000000e-07 1.989440370189e-05
9.220000000000e-07 1.945670710033e-05
9.230000000000e-07 1.899735869855e-05
9.240000000000e-07 2.057880748219e-05
9.250000000000e-07 1.932505517201e-05
9.260000000000e-07 2.100195960356e-05
9.270000000000e-07 2.180473380332e-05
9.280000000000e-07 1.998207879694e-05
9.290000000000e-07 2.005547673045e-05
9.300000000000e-07 1.876745801604e-05
9.310000000000e-07 2.153142582053e-05
9.320000000000e-07 1.969814254876e-05
9.330000000000e-07 2.024778194368e-05
9.340000000000e-07 1.829136413791e-05
9.350000000000e-07 2.024712283656e-05
9.360000000000e-07 2.073706679046e-05
9.370000000000e-07 1.978482129307e-05
9.380000000000e-07 2.031035236512e-05
9.390000000000e-07 1.926680394559e-05
9.400000000000e-07 1.847552578626e-05
9.410000000000e-07 2.012324467166e-05
9.420000000000e-07 1.940922723620e-05
9.430000000000e-07 1.787090855342e-05
9.440000000000e-07 1.979593581846e-05
9.450000000000e-07 2.155722680963e-05
9.460000000000e-07 2.178793246594e-05
9.470000000000e-07 1.936085926517e-05
9.480000000000e-07 1.839105419442e-05
9.490000000000e-07 2.078653808109e-05
9.500000000000e-07 2.021570125317e-05
9.510000000000e-07 1.989848356568e-05
9.520000000000e-07 1.899288929995e-05
9.530000000000e-07 1.985098887568e-05
9.540000000000e-07 1.929994435379e-05
9.550000000000e-07 1.807973703705e-05
9.560000000000e-07 1.986849877258e-05
9.570000000000e-07 2.075075799045e-05
9.580000000000e-07 1.758293643337e-05
9.590000000000e-07 2.076330546793e-05
9.600000000000e-07 2.016953015757e-05
9.610000000000e-07 2.015265858290e-05
9.620000000000e-07 1.962739089819e-05
9.630000000000e-07 2.058768369808e-05
9.640000000000e-07 1.866190419784e-05
9.650000000000e-07 2.139584503579e-05
9.660000000000e-07 2.005036632810e-05
9.670000000000e-07 1.902673718171e-05
9.680000000000e-07 1.655791446234e-05
9.690000000000e-07 1.847005907959e-05
9.700000000000e-07 2.202288797572e-05
9.710000000000e-07 1.859590890284e-05
9.720000000000e-07 1.986366398801e-05
9.730000000000e-07 1.920020149709e-05
9.740000000000e-07 2.141667894752e-05
9.750000000000e-07 2.038237463647e-05
9.760000000000e-07 2.089136039946e-05
9.770000000000e-07 2.036770248004e-05
9.780000000000e-07 2.072029279603e-05
9.790000000000e-07 2.066666250122e-05
9.800000000000e-07 1.877871142992e-05
9.810000000000e-07 1.943990826921e-05
9.820000000000e-07 2.136926780404e-05
9.830000000000e-07 1.938196644639e-05
9.840000000000e-07 1.940017389874e-05
9.850000000000e-07 2.113955874092e-05
9.860000000000e-07 2.285027888293e-05
9.870000000000e-07 2.133639661184e-05
9.880000000000e-07 2.038820912436e-05
9.890000000000e-07 1.907873898048e-05
9.900000000000e-07 1.958117883583e-05
9.910000000000e-07 2.056813854578e-05
9.920000000000e-07 1.926794524505e-05
9.930000000000e-07 1.917780681191e-05
9.940000000000e-07 1.954273771121e-05
9.950000000000e-07 1.956922193348e-05
9.960000000000e-07 2.000963768106e-05
9.970000000000e-07 2.045778944298e-05
9.980000000000e-07 1.946325697199e-05
9.990000000000e-07 1.885623271722e-05
1.000000000000e-06 2.053628614723e-05
