0.000000000000e+00 2.000146683648e-05
1.000000000000e-09 2.059063254214e-05
2.000000000000e-09 1.984312618136e-05
3.000000000000e-09 1.980338933860e-05
4.000000000000e-09 1.976084707043e-05
5.000000000000e-09 1.986295727845e-05
6.000000000000e-09 1.960609358708e-05
7.000000000000e-09 1.956791776985e-05
8.000000000000e-09 1.975187190518e-05
9.000000000000e-09 2.028834978384e-05
1.000000000000e-08 2.046201472074e-05
1.100000000000e-08 1.977527740997e-05
1.200000000000e-08 2.022111304560e-05
1.300000000000e-08 1.951752716161e-05
1.400000000000e-08 2.003586539106e-05
1.500000000000e-08 2.040536396097e-05
1.600000000000e-08 2.022732808324e-05
1.700000000000e-08 1.978281646683e-05
1.800000000000e-08 2.014910204748e-05
1.900000000000e-08 2.002966009284e-05
2.000000000000e-08 2.001582063655e-05
2.100000000000e-08 1.958254848184e-05
2.200000000000e-08 1.992850101694e-05
2.300000000000e-08 2.053948468226e-05
2.400000000000e-08 2.074026774870e-05
2.500000000000e-08 2.026593999748e-05
2.600000000000e-08 1.957381749110e-05
2.700000000000e-08 2.018978980959e-05
2.800000000000e-08 1.962414385577e-05
2.900000000000e-08 1.985872727503e-05
3.000000000000e-08 2.014015457032e-05
3.100000000000e-08 1.938610561766e-05
3.200000000000e-08 1.983673176036e-05
3.300000000000e-08 2.038940835443e-05
3.400000000000e-08 2.070612162836e-05
3.500000000000e-08 2.017087732346e-05
3.600000000000e-08 2.016009083913e-05
3.700000000000e-08 1.995534738792e-05
3.800000000000e-08 1.993481894019e-05
3.900000000000e-08 2.003368800704e-05
4.000000000000e-08 2.048107476835e-05
4.100000000000e-08 1.994291329280e-05
4.200000000000e-08 2.003120044374e-05
4.300000000000e-08 1.945917767732e-05
4.400000000000e-08 1.986838802506e-05
4.500000000000e-08 2.015110785329e-05
4.600000000000e-08 1.983754253643e-05
4.700000000000e-08 1.970539874356e-05
4.800000000000e-08 1.979603761185e-05
4.900000000000e-08 1.986027397551e-05
5.000000000000e-08 2.006772579388e-05
5.100000000000e-08 1.988327522890e-05
5.200000000000e-08 1.962039473841e-05
5.300000000000e-08 1.984604317426e-05
5.400000000000e-08 2.005147363698e-05
5.500000000000e-08 2.014556017593e-05
5.600000000000e-08 1.970843705462e-05
5.700000000000e-08 2.046353046653e-05
5.800000000000e-08 1.956737814642e-05
5.900000000000e-08 1.987942124602e-05
6.000000000000e-08 2.009197405382e-05
6.100000000000e-08 2.025397604828e-05
6.200000000000e-08 1.990668600426e-05
6.300000000000e-08 2.032876185951e-05
6.400000000000e-08 2.015827225626e-05
6.500000000000e-08 2.025491524768e-05
6.600000000000e-08 2.040703230818e-05
6.700000000000e-08 2.088546764932e-05
6.800000000000e-08 1.979336286722e-05
6.900000000000e-08 2.016045893826e-05
7.000000000000e-08 1.987668664584e-05
7.100000000000e-08 1.993555784573e-05
7.200000000000e-08 1.994366153756e-05
7.300000000000e-08 2.040944234711e-05
7.400000000000e-08 1.975851429041e-05
7.500000000000e-08 1.999864105657e-05
7.600000000000e-08 1.988608994291e-05
7.700000000000e-08 2.073869119663e-05
7.800000000000e-08 1.983365259724e-05
7.900000000000e-08 1.980512128168e-05
8.000000000000e-08 1.969898969740e-05
8.100000000000e-08 2.028387978062e-05
8.200000000000e-08 1.991476031423e-05
8.300000000000e-08 2.002151793626e-05
8.400000000000e-08 1.986714944149e-05
8.500000000000e-08 2.034391601790e-05
8.600000000000e-08 1.991800656864e-05
8.700000000000e-08 2.028844566813e-05
8.800000000000e-08 1.986622182061e-05
8.900000000000e-08 2.001464775185e-05
9.000000000000e-08 1.955302649463e-05
9.100000000000e-08 2.009593970027e-05
9.200000000000e-08 2.005412858221e-05
9.300000000000e-08 2.028601351369e-05
9.400000000000e-08 1.988319202028e-05
9.500000000000e-08 2.000324099959e-05
9.600000000000e-08 2.020618403179e-05
9.700000000000e-08 1.967587924763e-05
9.800000000000e-08 2.016934161586e-05
9.900000000000e-08 1.988794977205e-05
1.000000000000e-07 1.984258062180e-05
1.010000000000e-07 1.958087712899e-05
1.020000000000e-07 2.005823170451e-05
1.030000000000e-07 2.073901336360e-05
1.040000000000e-07 2.010097224311e-05
1.050000000000e-07 1.999704669265e-05
1.060000000000e-07 1.970692473511e-05
1.070000000000e-07 2.028267577800e-05
1.080000000000e-07 2.019187387833e-05
1.090000000000e-07 1.956691258288e-05
1.100000000000e-07 1.948435236340e-05
1.110000000000e-07 2.020842715418e-05
1.120000000000e-07 1.975382339225e-05
1.130000000000e-07 2.037577444564e-05
1.140000000000e-07 1.996009063480e-05
1.150000000000e-07 2.029418628115e-05
1.160000000000e-07 1.959405237973e-05
1.170000000000e-07 2.030360572335e-05
1.180000000000e-07 2.011613909843e-05
1.190000000000e-07 2.040604988127e-05
1.200000000000e-07 2.008399998160e-05
1.210000000000e-07 1.985796039834e-05
1.220000000000e-07 1.957133092907e-05
1.230000000000e-07 1.975935009383e-05
1.240000000000e-07 1.980385540207e-05
1.250000000000e-07 2.021783180373e-05
1.260000000000e-07 2.019932207254e-05
1.270000000000e-07 1.941179648429e-05
1.280000000000e-07 2.012304506876e-05
1.290000000000e-07 2.037954892683e-05
1.300000000000e-07 2.008594840845e-05
1.310000000000e-07 2.030880963771e-05
1.320000000000e-07 1.977789847167e-05
1.330000000000e-07 1.984148236941e-05
1.340000000000e-07 1.971003795289e-05
1.350000000000e-07 2.003260820498e-05
1.360000000000e-07 2.030688138375e-05
1.370000000000e-07 1.999364852066e-05
1.380000000000e-07 2.029617927975e-05
1.390000000000e-07 1.974741690140e-05
1.400000000000e-07 2.001205277249e-05
1.410000000000e-07 2.008689601880e-05
1.420000000000e-07 2.014066073732e-05
1.430000000000e-07 2.052319409587e-05
1.440000000000e-07 2.000185904941e-05
1.450000000000e-07 1.998187754297e-05
1.460000000000e-07 1.991470419932e-05
1.470000000000e-07 2.009851703399e-05
1.480000000000e-07 2.012522664527e-05
1.490000000000e-07 2.038027278972e-05
1.500000000000e-07 1.995950507785e-05
1.510000000000e-07 1.969443488992e-05
1.520000000000e-07 2.006613539523e-05
1.530000000000e-07 1.991368855351e-05
1.540000000000e-07 1.966392571279e-05
1.550000000000e-07 1.953782442884e-05
1.560000000000e-07 2.023577857752e-05
1.570000000000e-07 2.027760277220e-05
1.580000000000e-07 1.995960162812e-05
1.590000000000e-07 2.055117087108e-05
1.600000000000e-07 1.939834841549e-05
1.610000000000e-07 1.995196471267e-05
1.620000000000e-07 2.005426497120e-05
1.630000000000e-07 1.990775711781e-05
1.640000000000e-07 2.035758531520e-05
1.650000000000e-07 2.013958083318e-05
1.660000000000e-07 1.984724093353e-05
1.670000000000e-07 1.971590423193e-05
1.680000000000e-07 2.004258356453e-05
1.690000000000e-07 2.042487123116e-05
1.700000000000e-07 1.988385341462e-05
1.710000000000e-07 2.025485507495e-05
1.720000000000e-07 2.013084414959e-05
1.730000000000e-07 2.023184948307e-05
1.740000000000e-07 2.026176951761e-05
1.750000000000e-07 2.001772498107e-05
1.760000000000e-07 2.050305576850e-05
1.770000000000e-07 2.074536534478e-05
1.780000000000e-07 2.001267352247e-05
1.790000000000e-07 2.046364425549e-05
1.800000000000e-07 1.986460007080e-05
1.810000000000e-07 1.994874397168e-05
1.820000000000e-07 2.033109963214e-05
1.830000000000e-07 1.991041832319e-05
1.840000000000e-07 1.965243272279e-05
1.850000000000e-07 1.959205979957e-05
1.860000000000e-07 2.034504091890e-05
1.870000000000e-07 2.013792829886e-05
1.880000000000e-07 2.006242862379e-05
1.890000000000e-07 1.974359256951e-05
1.900000000000e-07 1.981711266026e-05
1.910000000000e-07 1.983766705257e-05
1.920000000000e-07 1.964331943553e-05
1.930000000000e-07 1.982329015911e-05
1.940000000000e-07 1.982526181507e-05
1.950000000000e-07 2.000457564904e-05
1.960000000000e-07 1.987802564395e-05
1.970000000000e-07 1.970593324215e-05
1.980000000000e-07 1.960922872303e-05
1.990000000000e-07 2.037438097331e-05
2.000000000000e-07 2.009510268184e-05
2.010000000000e-07 1.975063384342e-05
2.020000000000e-07 2.045075858370e-05
2.030000000000e-07 1.973946008651e-05
2.040000000000e-07 1.957540718072e-05
2.050000000000e-07 2.013023918706e-05
2.060000000000e-07 1.961384340794e-05
2.070000000000e-07 2.027151647463e-05
2.080000000000e-07 1.914384603743e-05
2.090000000000e-07 1.989932956339e-05
2.100000000000e-07 1.996428971840e-05
2.110000000000e-07 2.005520258599e-05
2.120000000000e-07 2.034368044674e-05
2.130000000000e-07 2.056537550288e-05
2.140000000000e-07 2.044620929394e-05
2.150000000000e-07 2.014272007467e-05
2.160000000000e-07 1.994029697973e-05
2.170000000000e-07 2.023900821041e-05
2.180000000000e-07 2.013968061923e-05
2.190000000000e-07 1.999500986272e-05
2.200000000000e-07 2.009959730714e-05
2.210000000000e-07 1.975802873986e-05
2.220000000000e-07 1.946723590230e-05
2.230000000000e-07 2.071206299616e-05
2.240000000000e-07 2.007371574528e-05
2.250000000000e-07 1.999879377601e-05
2.260000000000e-07 1.976435605839e-05
2.270000000000e-07 2.013218371886e-05
2.280000000000e-07 1.981504559242e-05
2.290000000000e-07 1.996469176084e-05
2.300000000000e-07 1.984028309486e-05
2.310000000000e-07 1.962103234752e-05
2.320000000000e-07 1.987439444244e-05
2.330000000000e-07 1.973210265722e-05
2.340000000000e-07 2.011106935987e-05
2.350000000000e-07 1.984209918486e-05
2.360000000000e-07 1.974211379610e-05
2.370000000000e-07 2.008056284629e-05
2.380000000000e-07 2.000931054034e-05
2.390000000000e-07 1.981389764614e-05
2.400000000000e-07 1.982847183381e-05
2.410000000000e-07 1.973754560040e-05
2.420000000000e-07 2.026334919988e-05
2.430000000000e-07 2.034238344089e-05
2.440000000000e-07 1.981517005140e-05
2.450000000000e-07 2.048362120586e-05
2.460000000000e-07 2.041190693837e-05
2.470000000000e-07 1.989602976536e-05
2.480000000000e-07 1.996111898403e-05
2.490000000000e-07 1.957608706696e-05
2.500000000000e-07 1.972112619437e-05
2.510000000000e-07 1.998300560629e-05
2.520000000000e-07 2.013049657095e-05
2.530000000000e-07 2.002377499971e-05
2.540000000000e-07 1.972676418883e-05
2.550000000000e-07 2.009396297563e-05
2.560000000000e-07 2.036291926700e-05
2.570000000000e-07 2.001765729224e-05
2.580000000000e-07 1.992888659299e-05
2.590000000000e-07 1.984376152490e-05
2.600000000000e-07 1.982936416791e-05
2.610000000000e-07 1.972821515827e-05
2.620000000000e-07 1.979259617956e-05
2.630000000000e-07 2.000109450848e-05
2.640000000000e-07 2.040463031217e-05
2.650000000000e-07 2.009494020671e-05
2.660000000000e-07 1.949705210585e-05
2.670000000000e-07 2.007990044846e-05
2.680000000000e-07 2.022149120742e-05
2.690000000000e-07 1.961282486447e-05
2.700000000000e-07 1.997177635364e-05
2.710000000000e-07 2.056372470453e-05
2.720000000000e-07 1.987279769609e-05
2.730000000000e-07 2.011773610069e-05
2.740000000000e-07 2.002677688997e-05
2.750000000000e-07 2.024294215616e-05
2.760000000000e-07 2.037108703618e-05
2.770000000000e-07 2.071736338999e-05
2.780000000000e-07 1.990810853281e-05
2.790000000000e-07 1.981750351528e-05
2.800000000000e-07 1.947949552789e-05
2.810000000000e-07 2.047130564749e-05
2.820000000000e-07 1.971885370283e-05
2.830000000000e-07 2.046653842802e-05
2.840000000000e-07 2.025174390047e-05
2.850000000000e-07 1.979367424495e-05
2.860000000000e-07 1.966553319096e-05
2.870000000000e-07 2.000967816209e-05
2.880000000000e-07 1.972485246021e-05
2.890000000000e-07 1.958249310259e-05
2.900000000000e-07 1.974281033855e-05
2.910000000000e-07 1.958530143688e-05
2.920000000000e-07 2.040456803703e-05
2.930000000000e-07 2.035329023777e-05
2.940000000000e-07 1.947819320708e-05
2.950000000000e-07 1.995951686664e-05
2.960000000000e-07 2.014842398197e-05
2.970000000000e-07 1.997167259650e-05
2.980000000000e-07 1.940801170063e-05
2.990000000000e-07 1.960075215835e-05
3.000000000000e-07 1.971218574885e-05
3.010000000000e-07 1.988072510775e-05
3.020000000000e-07 2.025816492634e-05
3.030000000000e-07 1.976893196483e-05
3.040000000000e-07 2.016916998052e-05
3.050000000000e-07 2.068440682932e-05
3.060000000000e-07 1.984634197694e-05
3.070000000000e-07 1.992685132914e-05
3.080000000000e-07 2.022805271067e-05
3.090000000000e-07 1.953793342865e-05
3.100000000000e-07 2.020820764202e-05
3.110000000000e-07 1.938463536329e-05
3.120000000000e-07 1.994486029254e-05
3.130000000000e-07 1.963361812474e-05
3.140000000000e-07 2.020294485440e-05
3.150000000000e-07 2.007580754650e-05
3.160000000000e-07 2.027110716735e-05
3.170000000000e-07 1.994063187571e-05
3.180000000000e-07 1.985623221650e-05
3.190000000000e-07 2.056383253806e-05
3.200000000000e-07 1.999031636860e-05
3.210000000000e-07 2.008678315356e-05
3.220000000000e-07 1.952126434502e-05
3.230000000000e-07 1.975839815784e-05
3.240000000000e-07 1.978802904120e-05
3.250000000000e-07 1.994065518985e-05
3.260000000000e-07 1.960323817103e-05
3.270000000000e-07 1.996673512570e-05
3.280000000000e-07 2.045697884426e-05
3.290000000000e-07 1.985303203364e-05
3.300000000000e-07 2.018806547603e-05
3.310000000000e-07 2.000360223746e-05
3.320000000000e-07 2.051346003674e-05
3.330000000000e-07 2.024795022919e-05
3.340000000000e-07 1.991641706134e-05
3.350000000000e-07 1.987497994331e-05
3.360000000000e-07 1.975847817091e-05
3.370000000000e-07 1.965337655803e-05
3.380000000000e-07 2.044900387006e-05
3.390000000000e-07 2.017420279871e-05
3.400000000000e-07 2.032778996099e-05
3.410000000000e-07 1.975047173334e-05
3.420000000000e-07 2.008356904135e-05
3.430000000000e-07 2.018386837418e-05
3.440000000000e-07 2.018473609920e-05
3.450000000000e-07 2.002651002017e-05
3.460000000000e-07 1.990119422080e-05
3.470000000000e-07 1.985637315901e-05
3.480000000000e-07 2.035889460070e-05
3.490000000000e-07 2.004100174943e-05
3.500000000000e-07 1.987012378461e-05
3.510000000000e-07 1.962660649312e-05
3.520000000000e-07 1.957039676409e-05
3.530000000000e-07 2.009972979614e-05
3.540000000000e-07 2.018469846190e-05
3.550000000000e-07 2.002161514036e-05
3.560000000000e-07 1.964568838579e-05
3.570000000000e-07 2.032240517660e-05
3.580000000000e-07 1.943390441177e-05
3.590000000000e-07 1.998746836882e-05
3.600000000000e-07 2.028033508310e-05
3.610000000000e-07 2.002197953925e-05
3.620000000000e-07 2.023709631258e-05
3.630000000000e-07 1.998593765951e-05
3.640000000000e-07 2.014729772051e-05
3.650000000000e-07 2.030889538177e-05
3.660000000000e-07 1.977339067523e-05
3.670000000000e-07 1.963157369400e-05
3.680000000000e-07 2.010114338641e-05
3.690000000000e-07 1.995698210633e-05
3.700000000000e-07 1.986618206481e-05
3.710000000000e-07 1.988767896460e-05
3.720000000000e-07 2.002983347214e-05
3.730000000000e-07 2.004751226637e-05
3.740000000000e-07 1.960574387537e-05
3.750000000000e-07 2.004662538653e-05
3.760000000000e-07 1.977475353734e-05
3.770000000000e-07 2.073360635290e-05
3.780000000000e-07 2.008476961485e-05
3.790000000000e-07 1.978758661905e-05
3.800000000000e-07 1.984845631056e-05
3.810000000000e-07 2.032525424151e-05
3.820000000000e-07 1.976565211849e-05
3.830000000000e-07 1.951925968208e-05
3.840000000000e-07 1.984009445210e-05
3.850000000000e-07 1.972643668195e-05
3.860000000000e-07 2.026319652428e-05
3.870000000000e-07 2.004475340400e-05
3.880000000000e-07 2.012547482731e-05
3.890000000000e-07 1.998481964521e-05
3.900000000000e-07 1.982299464400e-05
3.910000000000e-07 1.980461383518e-05
3.920000000000e-07 2.022777177785e-05
3.930000000000e-07 1.935513924888e-05
3.940000000000e-07 2.054422459742e-05
3.950000000000e-07 1.986036289182e-05
3.960000000000e-07 1.959774355412e-05
3.970000000000e-07 2.049914946897e-05
3.980000000000e-07 2.003534803255e-05
3.990000000000e-07 1.981785969060e-05
4.000000000000e-07 2.027952209800e-05
4.010000000000e-07 2.027502858266e-05
4.020000000000e-07 2.024543812120e-05
4.030000000000e-07 1.984619930756e-05
4.040000000000e-07 1.990910668871e-05
4.050000000000e-07 1.985744223373e-05
4.060000000000e-07 2.033705880560e-05
4.070000000000e-07 2.003168877680e-05
4.080000000000e-07 2.034096924838e-05
4.090000000000e-07 2.055250075175e-05
4.100000000000e-07 2.007894568407e-05
4.110000000000e-07 2.037421433048e-05
4.120000000000e-07 2.012102369704e-05
4.130000000000e-07 2.011171625368e-05
4.140000000000e-07 1.971575564830e-05
4.150000000000e-07 2.012498780487e-05
4.160000000000e-07 2.028061931020e-05
4.170000000000e-07 1.991528028715e-05
4.180000000000e-07 1.979724057315e-05
4.190000000000e-07 2.025488736478e-05
4.200000000000e-07 1.994371846988e-05
4.210000000000e-07 2.007066335731e-05
4.220000000000e-07 2.012431280542e-05
4.230000000000e-07 1.948232068003e-05
4.240000000000e-07 1.973485449649e-05
4.250000000000e-07 2.044364709287e-05
4.260000000000e-07 2.021419493987e-05
4.270000000000e-07 1.950056115644e-05
4.280000000000e-07 1.972303966272e-05
4.290000000000e-07 2.012251554377e-05
4.300000000000e-07 2.031468341325e-05
4.310000000000e-07 2.022380814879e-05
4.320000000000e-07 1.968856741464e-05
4.330000000000e-07 2.039492483113e-05
4.340000000000e-07 1.989173662095e-05
4.350000000000e-07 2.006925510204e-05
4.360000000000e-07 1.973000263129e-05
4.370000000000e-07 1.966513442091e-05
4.380000000000e-07 1.993087660657e-05
4.390000000000e-07 2.001777422026e-05
4.400000000000e-07 2.051909513733e-05
4.410000000000e-07 1.991160361575e-05
4.420000000000e-07 1.954894061076e-05
4.430000000000e-07 2.026450192743e-05
4.440000000000e-07 1.953871212518e-05
4.450000000000e-07 2.025067832413e-05
4.460000000000e-07 2.042062372648e-05
4.470000000000e-07 1.985328894447e-05
4.480000000000e-07 2.000143230377e-05
4.490000000000e-07 1.974923439093e-05
4.500000000000e-07 2.024232748822e-05
4.510000000000e-07 2.011826891692e-05
4.520000000000e-07 2.010756956406e-05
4.530000000000e-07 2.007133520501e-05
4.540000000000e-07 1.986795427732e-05
4.550000000000e-07 1.973839876309e-05
4.560000000000e-07 2.001847246386e-05
4.570000000000e-07 2.004403691881e-05
4.580000000000e-07 2.023528650120e-05
4.590000000000e-07 2.008100654312e-05
4.600000000000e-07 1.964739226804e-05
4.610000000000e-07 2.069431869487e-05
4.620000000000e-07 1.991909865898e-05
4.630000000000e-07 1.984527551287e-05
4.640000000000e-07 2.027308656102e-05
4.650000000000e-07 2.018956131985e-05
4.660000000000e-07 2.006918722070e-05
4.670000000000e-07 2.000244061647e-05
4.680000000000e-07 1.999957596512e-05
4.690000000000e-07 1.969728659845e-05
4.700000000000e-07 2.009535046856e-05
4.710000000000e-07 1.950957109574e-05
4.720000000000e-07 2.054177280318e-05
4.730000000000e-07 2.052952811757e-05
4.740000000000e-07 2.005304541532e-05
4.750000000000e-07 1.999833775881e-05
4.760000000000e-07 2.050331066857e-05
4.770000000000e-07 1.962557462070e-05
4.780000000000e-07 2.031713868447e-05
4.790000000000e-07 2.027027299997e-05
4.800000000000e-07 2.032378052307e-05
4.810000000000e-07 2.041789614441e-05
4.820000000000e-07 1.974651871064e-05
4.830000000000e-07 2.014203273755e-05
4.840000000000e-07 1.988525559158e-05
4.850000000000e-07 1.991702959580e-05
4.860000000000e-07 2.004012925137e-05
4.870000000000e-07 2.010851615663e-05
4.880000000000e-07 2.016901196000e-05
4.890000000000e-07 2.067023173899e-05
4.900000000000e-07 1.993681116386e-05
4.910000000000e-07 2.005306254751e-05
4.920000000000e-07 1.978372340069e-05
4.930000000000e-07 1.963752846160e-05
4.940000000000e-07 1.984924575828e-05
4.950000000000e-07 2.024884523203e-05
4.960000000000e-07 1.974691614577e-05
4.970000000000e-07 1.992680369248e-05
4.980000000000e-07 1.999540913156e-05
4.990000000000e-07 1.996488523535e-05
5.000000000000e-07 2.041545372792e-05
5.010000000000e-07 1.965340797059e-05
5.020000000000e-07 1.977874110155e-05
5.030000000000e-07 1.971225442448e-05
5.040000000000e-07 2.017661499492e-05
5.050000000000e-07 1.974890139799e-05
5.060000000000e-07 2.024713664590e-05
5.070000000000e-07 2.001715391762e-05
5.080000000000e-07 2.056983392542e-05
5.090000000000e-07 1.968458730538e-05
5.100000000000e-07 2.024814964192e-05
5.110000000000e-07 2.037151031263e-05
5.120000000000e-07 2.060730772987e-05
5.130000000000e-07 1.979115767698e-05
5.140000000000e-07 1.992348372133e-05
5.150000000000e-07 1.982988085346e-05
5.160000000000e-07 2.004746756039e-05
5.170000000000e-07 1.923056361081e-05
5.180000000000e-07 2.022677023161e-05
5.190000000000e-07 1.993918594231e-05
5.200000000000e-07 1.994348123665e-05
5.210000000000e-07 1.971504594722e-05
5.220000000000e-07 2.047434905177e-05
5.230000000000e-07 1.985399373134e-05
5.240000000000e-07 1.996079404458e-05
5.250000000000e-07 1.964222069253e-05
5.260000000000e-07 1.991791197020e-05
5.270000000000e-07 2.012159850748e-05
5.280000000000e-07 1.978502339178e-05
5.290000000000e-07 2.002451997794e-05
5.300000000000e-07 1.985112735642e-05
5.310000000000e-07 1.982556778418e-05
5.320000000000e-07 2.014306272603e-05
5.330000000000e-07 1.989412761068e-05
5.340000000000e-07 1.948082522454e-05
5.350000000000e-07 1.990527933056e-05
5.360000000000e-07 2.002891846300e-05
5.370000000000e-07 1.983419940889e-05
5.380000000000e-07 1.996610006074e-05
5.390000000000e-07 2.073601623694e-05
5.400000000000e-07 1.994016003856e-05
5.410000000000e-07 1.997773387817e-05
5.420000000000e-07 2.023358333432e-05
5.430000000000e-07 1.957519491879e-05
5.440000000000e-07 2.034117985093e-05
5.450000000000e-07 1.991317687598e-05
5.460000000000e-07 1.988908229672e-05
5.470000000000e-07 1.958671583079e-05
5.480000000000e-07 2.035861313656e-05
5.490000000000e-07 2.012583121567e-05
5.500000000000e-07 1.958144979301e-05
5.510000000000e-07 2.034546690330e-05
5.520000000000e-07 2.013734500447e-05
5.530000000000e-07 1.973676832378e-05
5.540000000000e-07 2.028744820836e-05
5.550000000000e-07 2.006342317806e-05
5.560000000000e-07 2.012673155186e-05
5.570000000000e-07 1.991899435701e-05
5.580000000000e-07 2.030669367988e-05
5.590000000000e-07 2.017788254117e-05
5.600000000000e-07 2.023092103747e-05
5.610000000000e-07 1.984921701348e-05
5.620000000000e-07 2.019095719139e-05
5.630000000000e-07 2.019483695647e-05
5.640000000000e-07 1.987584063853e-05
5.650000000000e-07 1.918896093408e-05
5.660000000000e-07 2.022011329395e-05
5.670000000000e-07 2.075893346900e-05
5.680000000000e-07 2.015656071687e-05
5.690000000000e-07 2.019700340910e-05
5.700000000000e-07 1.983515749637e-05
5.710000000000e-07 1.982563156985e-05
5.720000000000e-07 1.952367193093e-05
5.730000000000e-07 1.990576836458e-05
5.740000000000e-07 1.993506855616e-05
5.750000000000e-07 2.015982541568e-05
5.760000000000e-07 2.013489212294e-05
5.770000000000e-07 2.038336398725e-05
5.780000000000e-07 1.927928768720e-05
5.790000000000e-07 1.961186700852e-05
5.800000000000e-07 2.026513920153e-05
5.810000000000e-07 1.944821273948e-05
5.820000000000e-07 1.991210157016e-05
5.830000000000e-07 1.989452940189e-05
5.840000000000e-07 2.044792140133e-05
5.850000000000e-07 2.044691542248e-05
5.860000000000e-07 2.029745888744e-05
5.870000000000e-07 1.985514038668e-05
5.880000000000e-07 2.014967519359e-05
5.890000000000e-07 1.966117511471e-05
5.900000000000e-07 2.016148407542e-05
5.910000000000e-07 1.978626379426e-05
5.920000000000e-07 2.014176063785e-05
5.930000000000e-07 1.975057904613e-05
5.940000000000e-07 2.045505012079e-05
5.950000000000e-07 1.988457686107e-05
5.960000000000e-07 1.910266889229e-05
5.970000000000e-07 1.978048066384e-05
5.980000000000e-07 1.976451997536e-05
5.990000000000e-07 2.001774195741e-05
6.000000000000e-07 2.057065702281e-05
6.010000000000e-07 1.993669263518e-05
6.020000000000e-07 1.993675201630e-05
6.030000000000e-07 1.996761564703e-05
6.040000000000e-07 1.983122432927e-05
6.050000000000e-07 1.980249550713e-05
6.060000000000e-07 2.012118928846e-05
6.070000000000e-07 1.957988495901e-05
6.080000000000e-07 1.966942535053e-05
6.090000000000e-07 2.002852031468e-05
6.100000000000e-07 2.026244345921e-05
6.110000000000e-07 2.012064158714e-05
6.120000000000e-07 1.970604810271e-05
6.130000000000e-07 2.049653242324e-05
6.140000000000e-07 2.017309814973e-05
6.150000000000e-07 2.011327716448e-05
6.160000000000e-07 1.982696658844e-05
6.170000000000e-07 2.037867914243e-05
6.180000000000e-07 2.017008977657e-05
6.190000000000e-07 1.976056060465e-05
6.200000000000e-07 1.996928186238e-05
6.210000000000e-07 2.028073284772e-05
6.220000000000e-07 1.992611719210e-05
6.230000000000e-07 2.009115160118e-05
6.240000000000e-07 1.959358451331e-05
6.250000000000e-07 2.046241609526e-05
6.260000000000e-07 1.990269876668e-05
6.270000000000e-07 1.995067899901e-05
6.280000000000e-07 1.977942087330e-05
6.290000000000e-07 2.015113468385e-05
6.300000000000e-07 1.999740299909e-05
6.310000000000e-07 2.001256061474e-05
6.320000000000e-07 2.004634238098e-05
6.330000000000e-07 2.033102437613e-05
6.340000000000e-07 1.948515309419e-05
6.350000000000e-07 1.957439006097e-05
6.360000000000e-07 2.021748672758e-05
6.370000000000e-07 1.977717056139e-05
6.380000000000e-07 1.981978855055e-05
6.390000000000e-07 2.006634560381e-05
6.400000000000e-07 2.008903722432e-05
6.410000000000e-07 2.010153640600e-05
6.420000000000e-07 1.963033915974e-05
6.430000000000e-07 1.997028694588e-05
6.440000000000e-07 1.997947521327e-05
6.450000000000e-07 2.034161022188e-05
6.460000000000e-07 1.999090052732e-05
6.470000000000e-07 2.001325286352e-05
6.480000000000e-07 1.997549152649e-05
6.490000000000e-07 1.983536509424e-05
6.500000000000e-07 2.004937227150e-05
6.510000000000e-07 2.048046784265e-05
6.520000000000e-07 1.960844500568e-05
6.530000000000e-07 2.019554343317e-05
6.540000000000e-07 1.978239193676e-05
6.550000000000e-07 1.939405729045e-05
6.560000000000e-07 2.021912029826e-05
6.570000000000e-07 1.966174413531e-05
6.580000000000e-07 2.054535589017e-05
6.590000000000e-07 1.930241786299e-05
6.600000000000e-07 2.063304538832e-05
6.610000000000e-07 1.977165922885e-05
6.620000000000e-07 2.030754211928e-05
6.630000000000e-07 1.952664193493e-05
6.640000000000e-07 2.025664027974e-05
6.650000000000e-07 1.974251877505e-05
6.660000000000e-07 1.964553664175e-05
6.670000000000e-07 2.017515726718e-05
6.680000000000e-07 2.004774595125e-05
6.690000000000e-07 1.978464097080e-05
6.700000000000e-07 2.031482656308e-05
6.710000000000e-07 2.029123764127e-05
6.720000000000e-07 2.016989371223e-05
6.730000000000e-07 1.941438520604e-05
6.740000000000e-07 2.018747707304e-05
6.750000000000e-07 1.985740340955e-05
6.760000000000e-07 1.970032428838e-05
6.770000000000e-07 1.983600882931e-05
6.780000000000e-07 1.976595433055e-05
6.790000000000e-07 2.013457010227e-05
6.800000000000e-07 1.972034348992e-05
6.810000000000e-07 1.997800261402e-05
6.820000000000e-07 2.031555270759e-05
6.830000000000e-07 2.045422712210e-05
6.840000000000e-07 1.962493764008e-05
6.850000000000e-07 2.016518935317e-05
6.860000000000e-07 1.946246864430e-05
6.870000000000e-07 2.029819912173e-05
6.880000000000e-07 1.981118524019e-05
6.890000000000e-07 1.938212869917e-05
6.900000000000e-07 2.015284815267e-05
6.910000000000e-07 1.985729920918e-05
6.920000000000e-07 1.999839682260e-05
6.930000000000e-07 1.998993849877e-05
6.940000000000e-07 2.012437793250e-05
6.950000000000e-07 1.965208013094e-05
6.960000000000e-07 1.972889750398e-05
6.970000000000e-07 1.963481990244e-05
6.980000000000e-07 1.998281268847e-05
6.990000000000e-07 2.030219807376e-05
7.000000000000e-07 2.016355698613e-05
7.010000000000e-07 2.039981752120e-05
7.020000000000e-07 2.012789795004e-05
7.030000000000e-07 1.960497574452e-05
7.040000000000e-07 1.991343832410e-05
7.050000000000e-07 1.997587741825e-05
7.060000000000e-07 1.980920580402e-05
7.070000000000e-07 1.968613472719e-05
7.080000000000e-07 1.947253175214e-05
7.090000000000e-07 1.990041791136e-05
7.100000000000e-07 2.009903296494e-05
7.110000000000e-07 2.028096522403e-05
7.120000000000e-07 1.964184760967e-05
7.130000000000e-07 1.994325277546e-05
7.140000000000e-07 2.022510491299e-05
7.150000000000e-07 2.037644655240e-05
7.160000000000e-07 1.973463653954e-05
7.170000000000e-07 2.004886398191e-05
7.180000000000e-07 1.962542508501e-05
7.190000000000e-07 1.992971242844e-05
7.200000000000e-07 2.016603162519e-05
7.210000000000e-07 2.022613311472e-05
7.220000000000e-07 1.964061585978e-05
7.230000000000e-07 2.017744191175e-05
7.240000000000e-07 2.000155958364e-05
7.250000000000e-07 1.977849959374e-05
7.260000000000e-07 2.001439017504e-05
7.270000000000e-07 2.012419944862e-05
7.280000000000e-07 1.977075986864e-05
7.290000000000e-07 1.994418013899e-05
7.300000000000e-07 1.998705712355e-05
7.310000000000e-07 1.999069827912e-05
7.320000000000e-07 1.927962211315e-05
7.330000000000e-07 2.045497517142e-05
7.340000000000e-07 1.966442949805e-05
7.350000000000e-07 1.942674427499e-05
7.360000000000e-07 1.924848526014e-05
7.370000000000e-07 2.022944467275e-05
7.380000000000e-07 1.966094943214e-05
7.390000000000e-07 1.969649028377e-05
7.400000000000e-07 1.998858985104e-05
7.410000000000e-07 2.003841553569e-05
7.420000000000e-07 2.015956444861e-05
7.430000000000e-07 1.966633220265e-05
7.440000000000e-07 1.999451652997e-05
7.450000000000e-07 2.033288363608e-05
7.460000000000e-07 2.036890673126e-05
7.470000000000e-07 1.934257822228e-05
7.480000000000e-07 2.033454797802e-05
7.490000000000e-07 1.983658319332e-05
7.500000000000e-07 2.010226389512e-05
7.510000000000e-07 1.961933756062e-05
7.520000000000e-07 1.988945629785e-05
7.530000000000e-07 2.012064235933e-05
7.540000000000e-07 1.934440297367e-05
7.550000000000e-07 2.018815720300e-05
7.560000000000e-07 1.990953092384e-05
7.570000000000e-07 1.961122150182e-05
7.580000000000e-07 1.979397458763e-05
7.590000000000e-07 2.003106594188e-05
7.600000000000e-07 2.008303267038e-05
7.610000000000e-07 2.032844858989e-05
7.620000000000e-07 2.041406019369e-05
7.630000000000e-07 2.044862675787e-05
7.640000000000e-07 2.013016365523e-05
7.650000000000e-07 2.011022428270e-05
7.660000000000e-07 2.035013845893e-05
7.670000000000e-07 1.957462277055e-05
7.680000000000e-07 1.943682466773e-05
7.690000000000e-07 1.983007526548e-05
7.700000000000e-07 2.006653990172e-05
7.710000000000e-07 1.928998870613e-05
7.720000000000e-07 2.045366576860e-05
7.730000000000e-07 1.990713148835e-05
7.740000000000e-07 1.951251010038e-05
7.750000000000e-07 2.009167801020e-05
7.760000000000e-07 2.015521383665e-05
7.770000000000e-07 1.980370008151e-05
7.780000000000e-07 2.001088829023e-05
7.790000000000e-07 2.032139953524e-05
7.800000000000e-07 1.936576320873e-05
7.810000000000e-07 2.020213172123e-05
7.820000000000e-07 1.931629667763e-05
7.830000000000e-07 2.066259178287e-05
7.840000000000e-07 2.001195915409e-05
7.850000000000e-07 2.023015295354e-05
7.860000000000e-07 2.025783957557e-05
7.870000000000e-07 2.038634777096e-05
7.880000000000e-07 2.070148715113e-05
7.890000000000e-07 2.000921239963e-05
7.900000000000e-07 2.021062324162e-05
7.910000000000e-07 2.030802595941e-05
7.920000000000e-07 2.001074549796e-05
7.930000000000e-07 2.015515599431e-05
7.940000000000e-07 2.010703636223e-05
7.950000000000e-07 1.973742411699e-05
7.960000000000e-07 1.997368251280e-05
7.970000000000e-07 1.955134460572e-05
7.980000000000e-07 2.012462753559e-05
7.990000000000e-07 2.008950079334e-05
8.000000000000e-07 2.029096632387e-05
8.010000000000e-07 2.040380928687e-05
8.020000000000e-07 1.967763014164e-05
8.030000000000e-07 1.997645368228e-05
8.040000000000e-07 1.997154403834e-05
8.050000000000e-07 2.024231713682e-05
8.060000000000e-07 2.008060295729e-05
8.070000000000e-07 2.007164884385e-05
8.080000000000e-07 1.990589006915e-05
8.090000000000e-07 1.987837383278e-05
8.100000000000e-07 1.971205158766e-05
8.110000000000e-07 2.012508003977e-05
8.120000000000e-07 2.043973995768e-05
8.130000000000e-07 2.051005462681e-05
8.140000000000e-07 2.012144945391e-05
8.150000000000e-07 1.948536408369e-05
8.160000000000e-07 2.053723759329e-05
8.170000000000e-07 1.984859265941e-05
8.180000000000e-07 1.971126340732e-05
8.190000000000e-07 1.984415745486e-05
8.200000000000e-07 2.061960134161e-05
8.210000000000e-07 1.985496335987e-05
8.220000000000e-07 2.009083366163e-05
8.230000000000e-07 1.996779940352e-05
8.240000000000e-07 1.994100908131e-05
8.250000000000e-07 2.077548228385e-05
8.260000000000e-07 2.052907307803e-05
8.270000000000e-07 1.968837784273e-05
8.280000000000e-07 1.954681322071e-05
8.290000000000e-07 2.017088280853e-05
8.300000000000e-07 1.982909046863e-05
8.310000000000e-07 1.965145740434e-05
8.320000000000e-07 2.051965831762e-05
8.330000000000e-07 2.011369674885e-05
8.340000000000e-07 1.994169957418e-05
8.350000000000e-07 2.024487440813e-05
8.360000000000e-07 1.998704503143e-05
8.370000000000e-07 1.999403002386e-05
8.380000000000e-07 2.000969368993e-05
8.390000000000e-07 2.031633467475e-05
8.400000000000e-07 1.995978920011e-05
8.410000000000e-07 1.994674079013e-05
8.420000000000e-07 2.024771554520e-05
8.430000000000e-07 1.999875579152e-05
8.440000000000e-07 2.029708608330e-05
8.450000000000e-07 1.992710691214e-05
8.460000000000e-07 2.046148109317e-05
8.470000000000e-07 2.001316008240e-05
8.480000000000e-07 1.969724508890e-05
8.490000000000e-07 2.015963049401e-05
8.500000000000e-07 1.928583745344e-05
8.510000000000e-07 1.996413481073e-05
8.520000000000e-07 2.014091546020e-05
8.530000000000e-07 1.991247688488e-05
8.540000000000e-07 1.976595788759e-05
8.550000000000e-07 2.016200771742e-05
8.560000000000e-07 1.997305935542e-05
8.570000000000e-07 2.003648677207e-05
8.580000000000e-07 1.997125659895e-05
8.590000000000e-07 1.985557261079e-05
8.600000000000e-07 2.011312337902e-05
8.610000000000e-07 2.013344290820e-05
8.620000000000e-07 2.045724993140e-05
8.630000000000e-07 2.020232622935e-05
8.640000000000e-07 1.942868884851e-05
8.650000000000e-07 1.973294209137e-05
8.660000000000e-07 1.987269540613e-05
8.670000000000e-07 1.979196470319e-05
8.680000000000e-07 1.982554328373e-05
8.690000000000e-07 1.981300347144e-05
8.700000000000e-07 1.941203336815e-05
8.710000000000e-07 2.016199348548e-05
8.720000000000e-07 2.033535994246e-05
8.730000000000e-07 2.007081238826e-05
8.740000000000e-07 2.008705318236e-05
8.750000000000e-07 2.019084300281e-05
8.760000000000e-07 2.004153069008e-05
8.770000000000e-07 2.009390413053e-05
8.780000000000e-07 1.998038189556e-05
8.790000000000e-07 2.025057363267e-05
8.800000000000e-07 2.007758860121e-05
8.810000000000e-07 2.027334357742e-05
8.820000000000e-07 2.012044807849e-05
8.830000000000e-07 1.994931272936e-05
8.840000000000e-07 2.001932771607e-05
8.850000000000e-07 2.025690582679e-05
8.860000000000e-07 1.969058086546e-05
8.870000000000e-07 1.990061176728e-05
8.880000000000e-07 2.008148024402e-05
8.890000000000e-07 2.011292610100e-05
8.900000000000e-07 1.974748655883e-05
8.910000000000e-07 2.052666454127e-05
8.920000000000e-07 1.959374394216e-05
8.930000000000e-07 1.951517344957e-05
8.940000000000e-07 2.034593421411e-05
8.950000000000e-07 1.995695423350e-05
8.960000000000e-07 1.936228787366e-05
8.970000000000e-07 2.013591688297e-05
8.980000000000e-07 1.980221053860e-05
8.990000000000e-07 2.037202225148e-05
9.000000000000e-07 2.052723969233e-05
9.010000000000e-07 1.972305918844e-05
9.020000000000e-07 1.960237757999e-05
9.030000000000e-07 2.036165479747e-05
9.040000000000e-07 2.021636054931e-05
9.050000000000e-07 2.009801531478e-05
9.060000000000e-07 1.970436311805e-05
9.070000000000e-07 1.990284638430e-05
9.080000000000e-07 2.000774029944e-05
9.090000000000e-07 2.039129667262e-05
9.100000000000e-07 2.042013325896e-05
9.110000000000e-07 2.028398982013e-05
9.120000000000e-07 2.053687705791e-05
9.130000000000e-07 2.049749734242e-05
9.140000000000e-07 2.061276155534e-05
9.150000000000e-07 1.996421076678e-05
9.160000000000e-07 2.047298329743e-05
9.170000000000e-07 1.965737270977e-05
9.180000000000e-07 2.014187241186e-05
9.190000000000e-07 2.009075852768e-05
9.200000000000e-07 2.024239168323e-05
9.210000000000e-07 1.960697978410e-05
9.220000000000e-07 2.000390718702e-05
9.230000000000e-07 2.031059327356e-05
9.240000000000e-07 1.997167279578e-05
9.250000000000e-07 1.989496540250e-05
9.260000000000e-07 2.006042466631e-05
9.270000000000e-07 1.992554663720e-05
9.280000000000e-07 2.020020552363e-05
9.290000000000e-07 1.989772512883e-05
9.300000000000e-07 2.016640736856e-05
9.310000000000e-07 1.987200463855e-05
9.320000000000e-07 1.990176800931e-05
9.330000000000e-07 2.001122907357e-05
9.340000000000e-07 1.957573364264e-05
9.350000000000e-07 1.980488950254e-05
9.360000000000e-07 1.985894611552e-05
9.370000000000e-07 2.031685791431e-05
9.380000000000e-07 1.976409660680e-05
9.390000000000e-07 1.981911096253e-05
9.400000000000e-07 1.996936183682e-05
9.410000000000e-07 2.010872874618e-05
9.420000000000e-07 2.007913826996e-05
9.430000000000e-07 1.985829864944e-05
9.440000000000e-07 1.959618092947e-05
9.450000000000e-07 2.006881710733e-05
9.460000000000e-07 2.027229924195e-05
9.470000000000e-07 1.983595953766e-05
9.480000000000e-07 1.993120029497e-05
9.490000000000e-07 2.013938151151e-05
9.500000000000e-07 2.001178263889e-05
9.510000000000e-07 2.054478241883e-05
9.520000000000e-07 2.003722700021e-05
9.530000000000e-07 2.002788687799e-05
9.540000000000e-07 2.026653175511e-05
9.550000000000e-07 2.007019212815e-05
9.560000000000e-07 1.971436205678e-05
9.570000000000e-07 1.964132531897e-05
9.580000000000e-07 2.025612780232e-05
9.590000000000e-07 1.988492160053e-05
9.600000000000e-07 2.000511522998e-05
9.610000000000e-07 2.001126635952e-05
9.620000000000e-07 2.038591553938e-05
9.630000000000e-07 2.017271384385e-05
9.640000000000e-07 2.018321883595e-05
9.650000000000e-07 1.963600458021e-05
9.660000000000e-07 1.945921890182e-05
9.670000000000e-07 1.964881539922e-05
9.680000000000e-07 2.006791965053e-05
9.690000000000e-07 1.989682720060e-05
9.700000000000e-07 1.977822557902e-05
9.710000000000e-07 1.994513868267e-05
9.720000000000e-07 2.000075938061e-05
9.730000000000e-07 1.987730699293e-05
9.740000000000e-07 2.015403212083e-05
9.750000000000e-07 2.013413259193e-05
9.760000000000e-07 2.013364922094e-05
9.770000000000e-07 1.967707484484e-05
9.780000000000e-07 1.981820398993e-05
9.790000000000e-07 2.041582970465e-05
9.800000000000e-07 1.962797622282e-05
9.810000000000e-07 1.997197525329e-05
9.820000000000e-07 2.010939939848e-05
9.830000000000e-07 1.956545755488e-05
9.840000000000e-07 2.021849131315e-05
9.850000000000e-07 1.989562416679e-05
9.860000000000e-07 2.015978297164e-05
9.870000000000e-07 2.054864359449e-05
9.880000000000e-07 1.959797660778e-05
9.890000000000e-07 2.003185286574e-05
9.900000000000e-07 1.995267313828e-05
9.910000000000e-07 1.954962008039e-05
9.920000000000e-07 2.006685131528e-05
9.930000000000e-07 2.007758065032e-05
9.940000000000e-07 1.947863597443e-05
9.950000000000e-07 2.054370306757e-05
9.960000000000e-07 1.990169386948e-05
9.970000000000e-07 2.001787322702e-05
9.980000000000e-07 1.972582389856e-05
9.990000000000e-07 1.988555934869e-05
1.000000000000e-06 1.995666383619e-05
