0.000000000000e+00 1.978214742180e-05
1.000000000000e-09 2.014308592418e-05
2.000000000000e-09 1.914668806709e-05
3.000000000000e-09 2.051537017555e-05
4.000000000000e-09 2.018594356089e-05
5.000000000000e-09 2.007212172153e-05
6.000000000000e-09 2.013369580663e-05
7.000000000000e-09 1.993346019480e-05
8.000000000000e-09 1.939764841083e-05
9.000000000000e-09 1.995707332598e-05
1.000000000000e-08 1.961941489208e-05
1.100000000000e-08 2.010509632515e-05
1.200000000000e-08 1.983633002914e-05
1.300000000000e-08 1.984061191629e-05
1.400000000000e-08 1.973834601085e-05
1.500000000000e-08 1.947842345480e-05
1.600000000000e-08 1.991377724103e-05
1.700000000000e-08 1.975049289445e-05
1.800000000000e-08 1.982507423685e-05
1.900000000000e-08 1.997852475118e-05
2.000000000000e-08 1.982324289212e-05
2.100000000000e-08 2.007991777264e-05
2.200000000000e-08 1.944698859692e-05
2.300000000000e-08 1.995045758136e-05
2.400000000000e-08 1.960807670029e-05
2.500000000000e-08 2.015490033148e-05
2.600000000000e-08 1.984180085934e-05
2.700000000000e-08 1.959558894294e-05
2.800000000000e-08 2.005980222559e-05
2.900000000000e-08 1.962615754517e-05
3.000000000000e-08 1.997272070188e-05
3.100000000000e-08 2.011334109868e-05
3.200000000000e-08 2.045734090844e-05
3.300000000000e-08 2.002744223523e-05
3.400000000000e-08 1.967859835288e-05
3.500000000000e-08 2.071266379346e-05
3.600000000000e-08 1.978570681657e-05
3.700000000000e-08 2.004232871201e-05
3.800000000000e-08 1.995382749122e-05
3.900000000000e-08 1.975425266007e-05
4.000000000000e-08 1.946836697456e-05
4.100000000000e-08 1.997781647859e-05
4.200000000000e-08 1.995758185155e-05
4.300000000000e-08 2.016445091193e-05
4.400000000000e-08 1.943829864408e-05
4.500000000000e-08 2.008076364353e-05
4.600000000000e-08 1.983865550864e-05
4.700000000000e-08 1.971150611458e-05
4.800000000000e-08 1.989393617731e-05
4.900000000000e-08 2.047623160607e-05
5.000000000000e-08 1.983018426386e-05
5.100000000000e-08 2.012337404043e-05
5.200000000000e-08 2.021716438617e-05
5.300000000000e-08 1.974318229701e-05
5.400000000000e-08 1.975866146196e-05
5.500000000000e-08 1.952640951135e-05
5.600000000000e-08 2.064139404936e-05
5.700000000000e-08 2.033840369451e-05
5.800000000000e-08 1.989466359946e-05
5.900000000000e-08 1.994103352738e-05
6.000000000000e-08 2.002065224784e-05
6.100000000000e-08 1.932542462477e-05
6.200000000000e-08 1.986130205421e-05
6.300000000000e-08 1.979123117685e-05
6.400000000000e-08 2.041191703053e-05
6.500000000000e-08 1.974252797339e-05
6.600000000000e-08 2.011284509150e-05
6.700000000000e-08 2.010599023267e-05
6.800000000000e-08 1.957480989827e-05
6.900000000000e-08 2.049076902910e-05
7.000000000000e-08 1.988028119017e-05
7.100000000000e-08 1.978893890971e-05
7.200000000000e-08 1.994060667912e-05
7.300000000000e-08 1.967576911412e-05
7.400000000000e-08 1.968380344316e-05
7.500000000000e-08 1.961390825206e-05
7.600000000000e-08 2.019945171105e-05
7.700000000000e-08 1.961705645379e-05
7.800000000000e-08 2.064946500441e-05
7.900000000000e-08 1.966416728208e-05
8.000000000000e-08 2.032818164955e-05
8.100000000000e-08 1.943689449155e-05
8.200000000000e-08 2.019704057531e-05
8.300000000000e-08 2.027460902124e-05
8.400000000000e-08 2.058253483925e-05
8.500000000000e-08 1.981959844374e-05
8.600000000000e-08 1.972440124305e-05
8.700000000000e-08 2.024205656645e-05
8.800000000000e-08 1.990217819783e-05
8.900000000000e-08 1.994560590477e-05
9.000000000000e-08 2.052806537704e-05
9.100000000000e-08 1.997900861493e-05
9.200000000000e-08 2.004764674463e-05
9.300000000000e-08 2.009077062479e-05
9.400000000000e-08 2.018695618481e-05
9.500000000000e-08 1.985551526091e-05
9.600000000000e-08 1.992060681027e-05
9.700000000000e-08 2.011868636111e-05
9.800000000000e-08 1.998722348178e-05
9.900000000000e-08 2.030027644954e-05
1.000000000000e-07 2.008506806720e-05
1.010000000000e-07 1.993028483273e-05
1.020000000000e-07 2.006075672901e-05
1.030000000000e-07 2.017617763241e-05
1.040000000000e-07 1.974948944615e-05
1.050000000000e-07 2.037082089709e-05
1.060000000000e-07 2.011242034784e-05
1.070000000000e-07 2.009946585033e-05
1.080000000000e-07 1.969989368396e-05
1.090000000000e-07 1.982745097608e-05
1.100000000000e-07 2.007593221804e-05
1.110000000000e-07 1.985189857211e-05
1.120000000000e-07 2.041046018461e-05
1.130000000000e-07 1.971178665973e-05
1.140000000000e-07 2.017438994790e-05
1.150000000000e-07 2.037719659186e-05
1.160000000000e-07 2.032977867050e-05
1.170000000000e-07 1.975893591858e-05
1.180000000000e-07 1.997884085825e-05
1.190000000000e-07 2.008346228225e-05
1.200000000000e-07 1.980109289292e-05
1.210000000000e-07 1.984936994472e-05
1.220000000000e-07 2.009283169555e-05
1.230000000000e-07 1.992816730581e-05
1.240000000000e-07 2.038715809478e-05
1.250000000000e-07 1.974945572069e-05
1.260000000000e-07 2.039318937816e-05
1.270000000000e-07 1.996405121101e-05
1.280000000000e-07 2.044885219326e-05
1.290000000000e-07 2.044470258716e-05
1.300000000000e-07 1.998283069418e-05
1.310000000000e-07 2.016095315143e-05
1.320000000000e-07 2.001576735628e-05
1.330000000000e-07 1.986137066033e-05
1.340000000000e-07 2.008594408084e-05
1.350000000000e-07 2.007808381731e-05
1.360000000000e-07 1.971624087900e-05
1.370000000000e-07 2.010803967663e-05
1.380000000000e-07 2.013350585014e-05
1.390000000000e-07 2.026161748626e-05
1.400000000000e-07 1.989922968412e-05
1.410000000000e-07 2.018464469562e-05
1.420000000000e-07 2.017521411818e-05
1.430000000000e-07 2.034434449400e-05
1.440000000000e-07 1.946075506535e-05
1.450000000000e-07 2.019075589463e-05
1.460000000000e-07 2.003448662925e-05
1.470000000000e-07 1.992719780176e-05
1.480000000000e-07 2.033014125869e-05
1.490000000000e-07 2.010234525722e-05
1.500000000000e-07 1.974888817465e-05
1.510000000000e-07 2.036204011651e-05
1.520000000000e-07 2.019656754506e-05
1.530000000000e-07 1.968401242792e-05
1.540000000000e-07 2.023157030566e-05
1.550000000000e-07 1.999600544295e-05
1.560000000000e-07 1.999061622420e-05
1.570000000000e-07 2.007774462743e-05
1.580000000000e-07 2.008521338224e-05
1.590000000000e-07 1.952689101860e-05
1.600000000000e-07 1.977856704233e-05
1.610000000000e-07 1.975033341642e-05
1.620000000000e-07 2.019740990962e-05
1.630000000000e-07 2.010255933649e-05
1.640000000000e-07 2.039929621330e-05
1.650000000000e-07 1.996714542845e-05
1.660000000000e-07 2.097922579051e-05
1.670000000000e-07 1.993990533779e-05
1.680000000000e-07 1.948104463678e-05
1.690000000000e-07 2.012640408071e-05
1.700000000000e-07 2.030078505359e-05
1.710000000000e-07 2.021898378950e-05
1.720000000000e-07 2.045656027251e-05
1.730000000000e-07 1.997903820916e-05
1.740000000000e-07 1.970794743834e-05
1.750000000000e-07 1.923178908538e-05
1.760000000000e-07 1.966029055374e-05
1.770000000000e-07 1.942460141907e-05
1.780000000000e-07 2.002361264624e-05
1.790000000000e-07 1.976777146654e-05
1.800000000000e-07 1.999989692881e-05
1.810000000000e-07 2.019113759940e-05
1.820000000000e-07 2.022313868493e-05
1.830000000000e-07 1.989323543752e-05
1.840000000000e-07 2.036648695388e-05
1.850000000000e-07 2.013227577460e-05
1.860000000000e-07 1.953026427658e-05
1.870000000000e-07 2.012405792602e-05
1.880000000000e-07 2.008900983066e-05
1.890000000000e-07 2.045860125561e-05
1.900000000000e-07 1.967096071833e-05
1.910000000000e-07 2.006297160182e-05
1.920000000000e-07 2.030200168522e-05
1.930000000000e-07 1.989714092028e-05
1.940000000000e-07 1.977221536170e-05
1.950000000000e-07 2.042727497403e-05
1.960000000000e-07 2.021401716964e-05
1.970000000000e-07 1.990803595919e-05
1.980000000000e-07 1.968277100094e-05
1.990000000000e-07 2.040832755838e-05
2.000000000000e-07 1.991687233643e-05
2.010000000000e-07 1.961300789532e-05
2.020000000000e-07 2.023757033059e-05
2.030000000000e-07 2.009439252197e-05
2.040000000000e-07 1.982270156245e-05
2.050000000000e-07 2.030754437906e-05
2.060000000000e-07 2.011628082940e-05
2.070000000000e-07 1.982404690819e-05
2.080000000000e-07 2.000431601731e-05
2.090000000000e-07 1.998559112755e-05
2.100000000000e-07 1.963190998030e-05
2.110000000000e-07 1.941157654274e-05
2.120000000000e-07 1.978527443815e-05
2.130000000000e-07 1.942265336125e-05
2.140000000000e-07 2.012164508169e-05
2.150000000000e-07 1.947907105820e-05
2.160000000000e-07 1.989975266236e-05
2.170000000000e-07 1.974325498735e-05
2.180000000000e-07 2.049803827425e-05
2.190000000000e-07 1.996371313118e-05
2.200000000000e-07 1.996143023573e-05
2.210000000000e-07 1.966874569334e-05
2.220000000000e-07 1.953538761305e-05
2.230000000000e-07 1.994934002665e-05
2.240000000000e-07 2.024722483882e-05
2.250000000000e-07 2.016582228963e-05
2.260000000000e-07 1.997470880287e-05
2.270000000000e-07 1.960660872496e-05
2.280000000000e-07 1.994580336099e-05
2.290000000000e-07 1.942836083293e-05
2.300000000000e-07 2.056358710902e-05
2.310000000000e-07 1.984623969575e-05
2.320000000000e-07 2.046070507843e-05
2.330000000000e-07 1.989474456709e-05
2.340000000000e-07 1.934070619786e-05
2.350000000000e-07 1.976491717457e-05
2.360000000000e-07 1.988997014975e-05
2.370000000000e-07 2.016900738692e-05
2.380000000000e-07 1.994733200558e-05
2.390000000000e-07 1.978644090709e-05
2.400000000000e-07 1.999617125740e-05
2.410000000000e-07 2.019087191890e-05
2.420000000000e-07 1.988039070046e-05
2.430000000000e-07 1.969498857062e-05
2.440000000000e-07 1.991281548723e-05
2.450000000000e-07 2.026253913838e-05
2.460000000000e-07 2.012084989154e-05
2.470000000000e-07 2.021932882731e-05
2.480000000000e-07 1.976017087472e-05
2.490000000000e-07 2.015579353113e-05
2.500000000000e-07 2.037585560676e-05
2.510000000000e-07 2.021005726957e-05
2.520000000000e-07 2.017744256576e-05
2.530000000000e-07 1.981037743505e-05
2.540000000000e-07 2.010105957513e-05
2.550000000000e-07 2.015058595353e-05
2.560000000000e-07 2.030408416136e-05
2.570000000000e-07 1.976192959719e-05
2.580000000000e-07 1.954540174660e-05
2.590000000000e-07 1.937337089918e-05
2.600000000000e-07 2.009673858657e-05
2.610000000000e-07 1.997796164779e-05
2.620000000000e-07 1.975322695169e-05
2.630000000000e-07 2.000059793720e-05
2.640000000000e-07 2.033473869864e-05
2.650000000000e-07 1.984118541524e-05
2.660000000000e-07 1.985898786088e-05
2.670000000000e-07 2.035594923247e-05
2.680000000000e-07 2.029528934325e-05
2.690000000000e-07 2.020176476493e-05
2.700000000000e-07 1.987002484337e-05
2.710000000000e-07 1.977539796977e-05
2.720000000000e-07 2.010101289139e-05
2.730000000000e-07 2.021646419589e-05
2.740000000000e-07 2.009404861115e-05
2.750000000000e-07 2.016095635563e-05
2.760000000000e-07 1.978617332661e-05
2.770000000000e-07 2.032669902657e-05
2.780000000000e-07 1.976376628479e-05
2.790000000000e-07 1.989420548465e-05
2.800000000000e-07 1.971857836423e-05
2.810000000000e-07 2.021006819129e-05
2.820000000000e-07 2.021776702127e-05
2.830000000000e-07 2.056828637839e-05
2.840000000000e-07 1.990614197653e-05
2.850000000000e-07 1.952879362787e-05
2.860000000000e-07 2.007183881388e-05
2.870000000000e-07 1.989811018892e-05
2.880000000000e-07 2.036940629607e-05
2.890000000000e-07 1.932192045657e-05
2.900000000000e-07 1.975253882876e-05
2.910000000000e-07 1.995314607052e-05
2.920000000000e-07 1.967300228685e-05
2.930000000000e-07 2.000672089846e-05
2.940000000000e-07 1.982677382900e-05
2.950000000000e-07 2.003847527759e-05
2.960000000000e-07 2.015222328593e-05
2.970000000000e-07 2.015130764856e-05
2.980000000000e-07 2.029738835451e-05
2.990000000000e-07 2.027870558804e-05
3.000000000000e-07 2.008895031062e-05
3.010000000000e-07 2.037311753893e-05
3.020000000000e-07 2.003601890058e-05
3.030000000000e-07 2.004011625915e-05
3.040000000000e-07 1.985199118907e-05
3.050000000000e-07 2.006863672932e-05
3.060000000000e-07 2.023624765599e-05
3.070000000000e-07 2.061350312453e-05
3.080000000000e-07 2.001275271023e-05
3.090000000000e-07 2.031761006265e-05
3.100000000000e-07 1.998734322735e-05
3.110000000000e-07 2.022889616972e-05
3.120000000000e-07 1.977919285832e-05
3.130000000000e-07 1.983345855815e-05
3.140000000000e-07 2.027074308173e-05
3.150000000000e-07 2.037793096044e-05
3.160000000000e-07 1.926998740003e-05
3.170000000000e-07 1.969600693425e-05
3.180000000000e-07 2.035436695239e-05
3.190000000000e-07 1.999784755346e-05
3.200000000000e-07 2.011560423520e-05
3.210000000000e-07 1.970154630495e-05
3.220000000000e-07 1.969432615853e-05
3.230000000000e-07 2.006568040501e-05
3.240000000000e-07 1.987453371605e-05
3.250000000000e-07 2.006045771454e-05
3.260000000000e-07 2.031377973016e-05
3.270000000000e-07 1.987908349899e-05
3.280000000000e-07 1.997560830521e-05
3.290000000000e-07 1.952687215817e-05
3.300000000000e-07 2.022899308052e-05
3.310000000000e-07 1.971654428540e-05
3.320000000000e-07 1.999467002166e-05
3.330000000000e-07 1.984667076811e-05
3.340000000000e-07 1.976706196727e-05
3.350000000000e-07 1.996836062678e-05
3.360000000000e-07 2.008329125231e-05
3.370000000000e-07 1.996382556634e-05
3.380000000000e-07 2.004868118792e-05
3.390000000000e-07 1.948172540571e-05
3.400000000000e-07 1.971400258252e-05
3.410000000000e-07 1.946528646760e-05
3.420000000000e-07 2.047858627745e-05
3.430000000000e-07 1.992070353986e-05
3.440000000000e-07 2.010003932667e-05
3.450000000000e-07 2.019438266914e-05
3.460000000000e-07 2.015902558817e-05
3.470000000000e-07 1.963361883869e-05
3.480000000000e-07 1.941655992913e-05
3.490000000000e-07 1.984740732739e-05
3.500000000000e-07 1.988942995310e-05
3.510000000000e-07 1.951318213782e-05
3.520000000000e-07 2.017722028048e-05
3.530000000000e-07 2.004980271513e-05
3.540000000000e-07 2.001669058320e-05
3.550000000000e-07 2.018074835516e-05
3.560000000000e-07 1.989122577243e-05
3.570000000000e-07 1.956005031952e-05
3.580000000000e-07 2.030079114756e-05
3.590000000000e-07 1.936729474429e-05
3.600000000000e-07 1.966519909467e-05
3.610000000000e-07 2.016413250479e-05
3.620000000000e-07 1.983534084380e-05
3.630000000000e-07 2.029025573365e-05
3.640000000000e-07 1.955741945620e-05
3.650000000000e-07 1.976327266829e-05
3.660000000000e-07 1.989687833077e-05
3.670000000000e-07 1.947570923489e-05
3.680000000000e-07 1.969780992779e-05
3.690000000000e-07 1.976617428219e-05
3.700000000000e-07 1.945607774823e-05
3.710000000000e-07 1.961072671232e-05
3.720000000000e-07 2.003631003090e-05
3.730000000000e-07 1.981677492718e-05
3.740000000000e-07 2.022513864012e-05
3.750000000000e-07 2.005642967581e-05
3.760000000000e-07 2.001083002348e-05
3.770000000000e-07 1.959117010528e-05
3.780000000000e-07 1.982436178754e-05
3.790000000000e-07 1.974279752180e-05
3.800000000000e-07 1.983771152773e-05
3.810000000000e-07 1.990940935826e-05
3.820000000000e-07 2.030604862854e-05
3.830000000000e-07 1.974063687378e-05
3.840000000000e-07 2.038101849925e-05
3.850000000000e-07 2.028923558477e-05
3.860000000000e-07 1.974437888073e-05
3.870000000000e-07 1.978455079104e-05
3.880000000000e-07 1.991216366125e-05
3.890000000000e-07 1.961462560585e-05
3.900000000000e-07 1.997419985078e-05
3.910000000000e-07 2.003244499718e-05
3.920000000000e-07 2.031143048830e-05
3.930000000000e-07 1.979287202802e-05
3.940000000000e-07 1.984402569948e-05
3.950000000000e-07 2.037090841592e-05
3.960000000000e-07 2.003761563253e-05
3.970000000000e-07 2.034528860315e-05
3.980000000000e-07 2.005853106841e-05
3.990000000000e-07 1.963331858990e-05
4.000000000000e-07 1.978906581312e-05
4.010000000000e-07 1.990422694553e-05
4.020000000000e-07 1.994728018186e-05
4.030000000000e-07 1.986097948484e-05
4.040000000000e-07 2.053784125154e-05
4.050000000000e-07 2.030354825781e-05
4.060000000000e-07 2.004318103479e-05
4.070000000000e-07 2.071913757806e-05
4.080000000000e-07 1.998567623393e-05
4.090000000000e-07 1.995536203002e-05
4.100000000000e-07 2.024645235265e-05
4.110000000000e-07 2.028508580335e-05
4.120000000000e-07 2.042520512846e-05
4.130000000000e-07 2.009460993873e-05
4.140000000000e-07 1.983675389631e-05
4.150000000000e-07 2.015991449798e-05
4.160000000000e-07 1.953385993881e-05
4.170000000000e-07 2.028061606850e-05
4.180000000000e-07 1.993381657864e-05
4.190000000000e-07 2.015271575291e-05
4.200000000000e-07 1.991334147626e-05
4.210000000000e-07 1.981477885497e-05
4.220000000000e-07 2.010183530852e-05
4.230000000000e-07 1.999732148328e-05
4.240000000000e-07 1.995483384923e-05
4.250000000000e-07 2.040651247604e-05
4.260000000000e-07 2.004987193552e-05
4.270000000000e-07 1.985004611463e-05
4.280000000000e-07 1.973604999022e-05
4.290000000000e-07 1.966371509953e-05
4.300000000000e-07 2.022980044042e-05
4.310000000000e-07 2.077527034234e-05
4.320000000000e-07 2.030080678799e-05
4.330000000000e-07 1.978474383888e-05
4.340000000000e-07 2.054264827719e-05
4.350000000000e-07 1.985327514949e-05
4.360000000000e-07 1.978012411011e-05
4.370000000000e-07 2.022899141020e-05
4.380000000000e-07 2.036229729562e-05
4.390000000000e-07 2.001429988440e-05
4.400000000000e-07 2.033832058935e-05
4.410000000000e-07 2.002804301112e-05
4.420000000000e-07 1.978386318552e-05
4.430000000000e-07 2.005006803724e-05
4.440000000000e-07 2.009348792055e-05
4.450000000000e-07 2.013183065348e-05
4.460000000000e-07 1.957738916998e-05
4.470000000000e-07 2.015374217170e-05
4.480000000000e-07 2.020357494708e-05
4.490000000000e-07 1.987524867223e-05
4.500000000000e-07 2.040285985369e-05
4.510000000000e-07 2.026378410777e-05
4.520000000000e-07 2.033850157485e-05
4.530000000000e-07 2.022757489814e-05
4.540000000000e-07 2.012127344460e-05
4.550000000000e-07 1.987938455817e-05
4.560000000000e-07 1.954157688569e-05
4.570000000000e-07 2.014423947092e-05
4.580000000000e-07 1.977374295939e-05
4.590000000000e-07 1.974715519566e-05
4.600000000000e-07 2.012043263820e-05
4.610000000000e-07 2.019843247561e-05
4.620000000000e-07 2.027881557830e-05
4.630000000000e-07 1.968391051704e-05
4.640000000000e-07 1.986617842203e-05
4.650000000000e-07 2.059658944597e-05
4.660000000000e-07 2.038921409099e-05
4.670000000000e-07 2.021008864310e-05
4.680000000000e-07 2.011951077513e-05
4.690000000000e-07 1.956219886163e-05
4.700000000000e-07 2.031496175595e-05
4.710000000000e-07 2.005239233187e-05
4.720000000000e-07 2.087295031818e-05
4.730000000000e-07 1.999714413152e-05
4.740000000000e-07 2.032427379633e-05
4.750000000000e-07 2.020383340278e-05
4.760000000000e-07 1.998194211980e-05
4.770000000000e-07 2.028332224510e-05
4.780000000000e-07 1.988139999328e-05
4.790000000000e-07 1.986772703984e-05
4.800000000000e-07 1.998270418048e-05
4.810000000000e-07 1.979551398838e-05
4.820000000000e-07 2.038413540478e-05
4.830000000000e-07 1.990301723240e-05
4.840000000000e-07 1.994768888003e-05
4.850000000000e-07 1.979830045393e-05
4.860000000000e-07 2.040774452164e-05
4.870000000000e-07 2.006317838939e-05
4.880000000000e-07 2.013505936534e-05
4.890000000000e-07 1.976123187895e-05
4.900000000000e-07 2.023277287036e-05
4.910000000000e-07 2.001148049881e-05
4.920000000000e-07 1.956545912295e-05
4.930000000000e-07 2.004167456462e-05
4.940000000000e-07 2.029017001213e-05
4.950000000000e-07 2.035860353755e-05
4.960000000000e-07 1.958778878642e-05
4.970000000000e-07 2.004157773304e-05
4.980000000000e-07 2.056321726156e-05
4.990000000000e-07 1.974991072532e-05
5.000000000000e-07 2.039475026143e-05
5.010000000000e-07 2.019699792887e-05
5.020000000000e-07 2.026088621202e-05
5.030000000000e-07 1.992542599956e-05
5.040000000000e-07 1.957782520659e-05
5.050000000000e-07 2.000642450330e-05
5.060000000000e-07 1.979720948301e-05
5.070000000000e-07 1.946783567890e-05
5.080000000000e-07 1.979865415739e-05
5.090000000000e-07 2.031286394252e-05
5.100000000000e-07 1.999376965267e-05
5.110000000000e-07 2.065810275447e-05
5.120000000000e-07 1.962877331274e-05
5.130000000000e-07 1.987933009942e-05
5.140000000000e-07 1.929863742802e-05
5.150000000000e-07 2.006173335461e-05
5.160000000000e-07 1.978759243862e-05
5.170000000000e-07 2.043035686008e-05
5.180000000000e-07 1.960056231930e-05
5.190000000000e-07 2.003936437954e-05
5.200000000000e-07 1.981217119785e-05
5.210000000000e-07 2.016251581533e-05
5.220000000000e-07 2.027341813279e-05
5.230000000000e-07 2.002270861759e-05
5.240000000000e-07 2.001107332856e-05
5.250000000000e-07 1.996888110476e-05
5.260000000000e-07 1.930395581377e-05
5.270000000000e-07 2.016654782955e-05
5.280000000000e-07 1.998683223607e-05
5.290000000000e-07 1.960895744516e-05
5.300000000000e-07 1.967847504840e-05
5.310000000000e-07 2.026771179711e-05
5.320000000000e-07 1.965399823340e-05
5.330000000000e-07 1.997452122408e-05
5.340000000000e-07 2.022100838269e-05
5.350000000000e-07 2.001598659172e-05
5.360000000000e-07 2.023849244446e-05
5.370000000000e-07 1.986158477682e-05
5.380000000000e-07 2.017742846319e-05
5.390000000000e-07 2.006418516136e-05
5.400000000000e-07 2.038601923628e-05
5.410000000000e-07 2.037380185260e-05
5.420000000000e-07 2.030104180438e-05
5.430000000000e-07 1.953682757834e-05
5.440000000000e-07 1.978744585793e-05
5.450000000000e-07 1.989167618170e-05
5.460000000000e-07 2.002435292743e-05
5.470000000000e-07 1.963041750908e-05
5.480000000000e-07 1.984518765579e-05
5.490000000000e-07 1.985719672600e-05
5.500000000000e-07 1.994074012953e-05
5.510000000000e-07 2.024676531937e-05
5.520000000000e-07 2.052316556554e-05
5.530000000000e-07 1.959029588219e-05
5.540000000000e-07 1.987908250313e-05
5.550000000000e-07 2.024423733312e-05
5.560000000000e-07 1.944495020924e-05
5.570000000000e-07 2.022670818813e-05
5.580000000000e-07 1.995212998410e-05
5.590000000000e-07 2.012058475942e-05
5.600000000000e-07 2.003889049009e-05
5.610000000000e-07 1.982779728346e-05
5.620000000000e-07 1.988908734409e-05
5.630000000000e-07 1.932104397843e-05
5.640000000000e-07 2.005778819018e-05
5.650000000000e-07 1.982639969767e-05
5.660000000000e-07 2.010289201903e-05
5.670000000000e-07 2.027148362850e-05
5.680000000000e-07 2.020053211963e-05
5.690000000000e-07 2.046831159380e-05
5.700000000000e-07 2.019362888311e-05
5.710000000000e-07 1.998605086946e-05
5.720000000000e-07 1.961883248449e-05
5.730000000000e-07 1.997439364292e-05
5.740000000000e-07 1.968806803675e-05
5.750000000000e-07 2.006926113888e-05
5.760000000000e-07 2.059149236397e-05
5.770000000000e-07 1.970938060215e-05
5.780000000000e-07 1.916687530025e-05
5.790000000000e-07 2.019497814121e-05
5.800000000000e-07 1.957896556904e-05
5.810000000000e-07 1.972632135094e-05
5.820000000000e-07 1.974008657850e-05
5.830000000000e-07 1.955830724782e-05
5.840000000000e-07 1.999949699922e-05
5.850000000000e-07 2.008378510535e-05
5.860000000000e-07 2.038845584208e-05
5.870000000000e-07 2.037524665792e-05
5.880000000000e-07 2.019476026496e-05
5.890000000000e-07 2.001684151947e-05
5.900000000000e-07 1.935772478331e-05
5.910000000000e-07 2.018108737174e-05
5.920000000000e-07 1.977924372596e-05
5.930000000000e-07 2.039261239616e-05
5.940000000000e-07 2.000009874756e-05
5.950000000000e-07 1.988501592793e-05
5.960000000000e-07 2.080250309003e-05
5.970000000000e-07 2.026501229252e-05
5.980000000000e-07 1.996277358517e-05
5.990000000000e-07 1.972478129782e-05
6.000000000000e-07 1.968638871538e-05
6.010000000000e-07 1.995259321559e-05
6.020000000000e-07 2.019145259895e-05
6.030000000000e-07 2.034790525275e-05
6.040000000000e-07 1.997987821852e-05
6.050000000000e-07 1.917340449822e-05
6.060000000000e-07 2.029903981872e-05
6.070000000000e-07 2.043275274500e-05
6.080000000000e-07 2.007021951165e-05
6.090000000000e-07 1.974257091040e-05
6.100000000000e-07 2.046151109101e-05
6.110000000000e-07 2.052166439874e-05
6.120000000000e-07 2.024281065319e-05
6.130000000000e-07 1.972071062824e-05
6.140000000000e-07 1.946781270340e-05
6.150000000000e-07 1.959332953442e-05
6.160000000000e-07 2.083979072360e-05
6.170000000000e-07 2.039609831633e-05
6.180000000000e-07 2.004903030427e-05
6.190000000000e-07 1.970492079611e-05
6.200000000000e-07 1.970702045812e-05
6.210000000000e-07 2.019857426601e-05
6.220000000000e-07 2.014840294007e-05
6.230000000000e-07 2.054957634305e-05
6.240000000000e-07 1.998967608749e-05
6.250000000000e-07 1.971510274634e-05
6.260000000000e-07 2.027859439150e-05
6.270000000000e-07 1.982971014487e-05
6.280000000000e-07 1.986358731031e-05
6.290000000000e-07 2.057760428504e-05
6.300000000000e-07 2.002077167370e-05
6.310000000000e-07 1.995635945220e-05
6.320000000000e-07 2.002834106898e-05
6.330000000000e-07 2.003749197929e-05
6.340000000000e-07 1.986251903872e-05
6.350000000000e-07 1.950209272887e-05
6.360000000000e-07 1.993798155067e-05
6.370000000000e-07 2.005506533740e-05
6.380000000000e-07 1.980479457810e-05
6.390000000000e-07 2.021363043665e-05
6.400000000000e-07 1.943792768007e-05
6.410000000000e-07 2.002062091549e-05
6.420000000000e-07 1.996180519947e-05
6.430000000000e-07 2.024788568306e-05
6.440000000000e-07 1.991745260123e-05
6.450000000000e-07 1.910469187575e-05
6.460000000000e-07 2.029638214829e-05
6.470000000000e-07 2.050158830876e-05
6.480000000000e-07 1.965473133465e-05
6.490000000000e-07 2.037225400641e-05
6.500000000000e-07 1.981591051259e-05
6.510000000000e-07 2.044549425379e-05
6.520000000000e-07 1.936263766733e-05
6.530000000000e-07 2.043088759375e-05
6.540000000000e-07 2.045190564036e-05
6.550000000000e-07 1.956068432548e-05
6.560000000000e-07 2.004236785331e-05
6.570000000000e-07 2.022856219742e-05
6.580000000000e-07 1.951648405282e-05
6.590000000000e-07 2.042309487718e-05
6.600000000000e-07 2.030233429739e-05
6.610000000000e-07 1.999268602080e-05
6.620000000000e-07 1.993538694054e-05
6.630000000000e-07 1.973106154833e-05
6.640000000000e-07 2.007666810562e-05
6.650000000000e-07 1.985795072071e-05
6.660000000000e-07 2.017103883391e-05
6.670000000000e-07 1.989198376873e-05
6.680000000000e-07 2.008649043642e-05
6.690000000000e-07 1.948206565229e-05
6.700000000000e-07 1.968058852932e-05
6.710000000000e-07 2.072919792045e-05
6.720000000000e-07 1.997514506304e-05
6.730000000000e-07 1.989027175265e-05
6.740000000000e-07 1.995957345691e-05
6.750000000000e-07 1.999168854853e-05
6.760000000000e-07 2.013384731667e-05
6.770000000000e-07 2.019968685399e-05
6.780000000000e-07 1.982772291637e-05
6.790000000000e-07 2.060875521786e-05
6.800000000000e-07 2.017117554856e-05
6.810000000000e-07 1.987600440400e-05
6.820000000000e-07 2.070278255118e-05
6.830000000000e-07 1.999362370198e-05
6.840000000000e-07 2.041019886686e-05
6.850000000000e-07 2.055819082923e-05
6.860000000000e-07 2.003836247414e-05
6.870000000000e-07 1.975938913499e-05
6.880000000000e-07 1.981020201500e-05
6.890000000000e-07 2.043390690972e-05
6.900000000000e-07 2.021902219044e-05
6.910000000000e-07 1.968154906394e-05
6.920000000000e-07 1.981600220688e-05
6.930000000000e-07 2.018710084313e-05
6.940000000000e-07 1.945810259859e-05
6.950000000000e-07 2.014364128153e-05
6.960000000000e-07 2.055395907843e-05
6.970000000000e-07 1.979404045256e-05
6.980000000000e-07 2.023741497616e-05
6.990000000000e-07 1.985561747589e-05
7.000000000000e-07 2.003276940528e-05
7.010000000000e-07 2.047263735390e-05
7.020000000000e-07 2.095025273618e-05
7.030000000000e-07 1.992573392409e-05
7.040000000000e-07 1.940133175752e-05
7.050000000000e-07 1.998147419507e-05
7.060000000000e-07 2.026122183541e-05
7.070000000000e-07 1.990947847849e-05
7.080000000000e-07 1.991059557289e-05
7.090000000000e-07 2.000249905271e-05
7.100000000000e-07 2.023737288195e-05
7.110000000000e-07 1.999008242236e-05
7.120000000000e-07 1.983343796671e-05
7.130000000000e-07 1.912036328504e-05
7.140000000000e-07 2.037200148204e-05
7.150000000000e-07 1.989897283481e-05
7.160000000000e-07 2.009890420957e-05
7.170000000000e-07 1.964230469628e-05
7.180000000000e-07 2.006281209102e-05
7.190000000000e-07 2.030790303861e-05
7.200000000000e-07 1.969361269146e-05
7.210000000000e-07 1.976937162808e-05
7.220000000000e-07 2.002702620391e-05
7.230000000000e-07 1.971782028639e-05
7.240000000000e-07 1.968187186898e-05
7.250000000000e-07 2.004281091695e-05
7.260000000000e-07 1.953897958730e-05
7.270000000000e-07 2.007624116828e-05
7.280000000000e-07 2.014505300819e-05
7.290000000000e-07 2.035237572259e-05
7.300000000000e-07 1.974780588283e-05
7.310000000000e-07 2.043671487482e-05
7.320000000000e-07 1.996348773834e-05
7.330000000000e-07 1.991658033901e-05
7.340000000000e-07 1.987786213466e-05
7.350000000000e-07 2.005002067620e-05
7.360000000000e-07 2.011271022380e-05
7.370000000000e-07 2.032120854802e-05
7.380000000000e-07 1.924540888292e-05
7.390000000000e-07 2.044199463851e-05
7.400000000000e-07 1.996132024757e-05
7.410000000000e-07 1.987521656748e-05
7.420000000000e-07 2.009385077988e-05
7.430000000000e-07 1.951089023466e-05
7.440000000000e-07 2.038180477460e-05
7.450000000000e-07 1.998529916984e-05
7.460000000000e-07 2.028074857978e-05
7.470000000000e-07 2.009040885035e-05
7.480000000000e-07 1.997033942447e-05
7.490000000000e-07 2.008580802386e-05
7.500000000000e-07 1.973768315041e-05
7.510000000000e-07 2.026034823058e-05
7.520000000000e-07 1.984623707945e-05
7.530000000000e-07 1.949673574347e-05
7.540000000000e-07 2.005082375996e-05
7.550000000000e-07 1.997221210191e-05
7.560000000000e-07 1.989387056679e-05
7.570000000000e-07 2.007589907680e-05
7.580000000000e-07 1.992271353773e-05
7.590000000000e-07 2.017371640576e-05
7.600000000000e-07 2.009761791493e-05
7.610000000000e-07 1.984238926148e-05
7.620000000000e-07 2.000785199018e-05
7.630000000000e-07 1.978355782949e-05
7.640000000000e-07 1.957805355197e-05
7.650000000000e-07 2.001232018647e-05
7.660000000000e-07 1.998297529405e-05
7.670000000000e-07 1.980726146633e-05
7.680000000000e-07 1.969907034224e-05
7.690000000000e-07 2.031856913785e-05
7.700000000000e-07 1.976821032643e-05
7.710000000000e-07 1.968853021430e-05
7.720000000000e-07 1.955572297520e-05
7.730000000000e-07 1.962687381518e-05
7.740000000000e-07 2.000201488316e-05
7.750000000000e-07 2.036787804306e-05
7.760000000000e-07 2.007767781463e-05
7.770000000000e-07 2.006833780400e-05
7.780000000000e-07 1.979014429049e-05
7.790000000000e-07 2.015720655560e-05
7.800000000000e-07 1.947349622539e-05
7.810000000000e-07 2.008909717744e-05
7.820000000000e-07 2.038796791875e-05
7.830000000000e-07 1.998830640915e-05
7.840000000000e-07 2.001438968566e-05
7.850000000000e-07 1.969202581411e-05
7.860000000000e-07 1.950392433598e-05
7.870000000000e-07 2.007696445575e-05
7.880000000000e-07 2.019510386647e-05
7.890000000000e-07 1.993037547302e-05
7.900000000000e-07 2.027535546961e-05
7.910000000000e-07 1.931941271632e-05
7.920000000000e-07 1.977954012147e-05
7.930000000000e-07 1.923762265054e-05
7.940000000000e-07 2.003340054960e-05
7.950000000000e-07 1.991542216944e-05
7.960000000000e-07 1.963960169631e-05
7.970000000000e-07 2.043624848614e-05
7.980000000000e-07 1.984270727473e-05
7.990000000000e-07 1.983094823290e-05
8.000000000000e-07 1.990283972273e-05
8.010000000000e-07 2.013852673593e-05
8.020000000000e-07 2.059167983683e-05
8.030000000000e-07 2.004253845174e-05
8.040000000000e-07 2.012315313470e-05
8.050000000000e-07 1.988839067267e-05
8.060000000000e-07 2.032554547816e-05
8.070000000000e-07 1.975894155091e-05
8.080000000000e-07 1.990734535168e-05
8.090000000000e-07 1.998341224299e-05
8.100000000000e-07 2.006759380679e-05
8.110000000000e-07 1.992929400086e-05
8.120000000000e-07 1.995738235000e-05
8.130000000000e-07 1.955904440284e-05
8.140000000000e-07 2.030008883368e-05
8.150000000000e-07 2.004022851757e-05
8.160000000000e-07 1.977846116780e-05
8.170000000000e-07 2.021627752382e-05
8.180000000000e-07 2.003131842085e-05
8.190000000000e-07 2.012138992439e-05
8.200000000000e-07 1.987776475838e-05
8.210000000000e-07 1.955744854832e-05
8.220000000000e-07 2.006994768981e-05
8.230000000000e-07 2.031392057675e-05
8.240000000000e-07 1.991908767932e-05
8.250000000000e-07 1.935635743194e-05
8.260000000000e-07 2.016283423319e-05
8.270000000000e-07 1.993979961959e-05
8.280000000000e-07 1.986870132252e-05
8.290000000000e-07 2.008864546547e-05
8.300000000000e-07 2.013339744168e-05
8.310000000000e-07 1.988522581857e-05
8.320000000000e-07 1.940977137105e-05
8.330000000000e-07 1.965598104311e-05
8.340000000000e-07 1.973470674628e-05
8.350000000000e-07 1.997723581686e-05
8.360000000000e-07 2.021265986398e-05
8.370000000000e-07 2.069084320464e-05
8.380000000000e-07 1.993367013116e-05
8.390000000000e-07 2.017591664210e-05
8.400000000000e-07 1.980980941669e-05
8.410000000000e-07 1.983019222980e-05
8.420000000000e-07 1.975284600330e-05
8.430000000000e-07 1.983011957507e-05
8.440000000000e-07 2.024082314346e-05
8.450000000000e-07 1.996163624697e-05
8.460000000000e-07 1.984205175248e-05
8.470000000000e-07 2.028091694154e-05
8.480000000000e-07 1.991139411103e-05
8.490000000000e-07 1.986315715137e-05
8.500000000000e-07 2.011059355584e-05
8.510000000000e-07 2.007785585861e-05
8.520000000000e-07 1.991535926696e-05
8.530000000000e-07 1.987127845057e-05
8.540000000000e-07 2.079825640710e-05
8.550000000000e-07 2.039895501045e-05
8.560000000000e-07 2.006119303320e-05
8.570000000000e-07 1.999022791922e-05
8.580000000000e-07 1.990164782535e-05
8.590000000000e-07 1.957384908728e-05
8.600000000000e-07 2.016987749507e-05
8.610000000000e-07 2.014936259961e-05
8.620000000000e-07 2.024158428173e-05
8.630000000000e-07 1.948417810294e-05
8.640000000000e-07 2.005079112243e-05
8.650000000000e-07 1.979402004931e-05
8.660000000000e-07 1.976828252313e-05
8.670000000000e-07 1.989767797541e-05
8.680000000000e-07 1.972636417332e-05
8.690000000000e-07 1.993836761662e-05
8.700000000000e-07 1.949917544695e-05
8.710000000000e-07 2.030651046341e-05
8.720000000000e-07 2.012747589286e-05
8.730000000000e-07 1.971062207726e-05
8.740000000000e-07 1.976380152516e-05
8.750000000000e-07 1.987853126856e-05
8.760000000000e-07 1.971372884380e-05
8.770000000000e-07 2.016050737768e-05
8.780000000000e-07 1.974230234897e-05
8.790000000000e-07 1.993862752665e-05
8.800000000000e-07 2.002129757461e-05
8.810000000000e-07 2.017190611748e-05
8.820000000000e-07 1.989317635578e-05
8.830000000000e-07 1.922683065697e-05
8.840000000000e-07 1.963195130900e-05
8.850000000000e-07 2.064268101652e-05
8.860000000000e-07 1.982817399223e-05
8.870000000000e-07 2.055278134570e-05
8.880000000000e-07 1.968585185026e-05
8.890000000000e-07 2.033262275935e-05
8.900000000000e-07 2.010741857360e-05
8.910000000000e-07 1.950825847502e-05
8.920000000000e-07 2.026608270989e-05
8.930000000000e-07 1.990926370844e-05
8.940000000000e-07 1.972303744104e-05
8.950000000000e-07 2.066902751201e-05
8.960000000000e-07 1.940156974230e-05
8.970000000000e-07 1.997676768375e-05
8.980000000000e-07 2.023403270207e-05
8.990000000000e-07 2.030992544988e-05
9.000000000000e-07 2.005118288038e-05
9.010000000000e-07 2.015987368669e-05
9.020000000000e-07 1.982981329881e-05
9.030000000000e-07 2.014073923562e-05
9.040000000000e-07 1.968602907570e-05
9.050000000000e-07 2.062905382818e-05
9.060000000000e-07 1.993659092692e-05
9.070000000000e-07 2.007120675648e-05
9.080000000000e-07 1.990449016234e-05
9.090000000000e-07 1.960577075838e-05
9.100000000000e-07 1.980497850054e-05
9.110000000000e-07 2.009410859039e-05
9.120000000000e-07 1.977651918321e-05
9.130000000000e-07 2.022108973908e-05
9.140000000000e-07 2.015588183801e-05
9.150000000000e-07 2.032854665004e-05
9.160000000000e-07 1.978080550406e-05
9.170000000000e-07 1.982169922452e-05
9.180000000000e-07 2.008951709539e-05
9.190000000000e-07 2.007120231396e-05
9.200000000000e-07 1.954631497361e-05
9.210000000000e-07 1.997422413862e-05
9.220000000000e-07 1.990147839992e-05
9.230000000000e-07 1.987623868740e-05
9.240000000000e-07 1.966629151276e-05
9.250000000000e-07 2.021431433316e-05
9.260000000000e-07 2.002854042635e-05
9.270000000000e-07 1.989300329942e-05
9.280000000000e-07 1.968292030728e-05
9.290000000000e-07 2.005884716546e-05
9.300000000000e-07 2.010749903856e-05
9.310000000000e-07 2.022479969926e-05
9.320000000000e-07 2.003099045384e-05
9.330000000000e-07 2.084742212655e-05
9.340000000000e-07 2.055701075558e-05
9.350000000000e-07 2.025369233434e-05
9.360000000000e-07 2.004278115570e-05
9.370000000000e-07 2.013775585872e-05
9.380000000000e-07 1.976804944567e-05
9.390000000000e-07 1.993390481484e-05
9.400000000000e-07 1.949082210379e-05
9.410000000000e-07 2.030957406202e-05
9.420000000000e-07 2.026034000153e-05
9.430000000000e-07 2.036414932085e-05
9.440000000000e-07 2.016814717363e-05
9.450000000000e-07 1.985123962347e-05
9.460000000000e-07 2.016172532969e-05
9.470000000000e-07 1.958225375929e-05
9.480000000000e-07 2.020457077586e-05
9.490000000000e-07 1.988242995509e-05
9.500000000000e-07 2.021476370055e-05
9.510000000000e-07 1.984775735138e-05
9.520000000000e-07 2.039763025184e-05
9.530000000000e-07 1.990313251499e-05
9.540000000000e-07 1.981058349395e-05
9.550000000000e-07 2.024866754368e-05
9.560000000000e-07 1.985659431125e-05
9.570000000000e-07 2.013431369585e-05
9.580000000000e-07 1.970895471507e-05
9.590000000000e-07 1.974114855099e-05
9.600000000000e-07 2.014348838101e-05
9.610000000000e-07 2.011730263765e-05
9.620000000000e-07 1.959597251358e-05
9.630000000000e-07 2.053496438047e-05
9.640000000000e-07 2.012115993567e-05
9.650000000000e-07 1.985285594074e-05
9.660000000000e-07 2.004837094273e-05
9.670000000000e-07 1.971158180929e-05
9.680000000000e-07 2.006524779166e-05
9.690000000000e-07 2.047877653517e-05
9.700000000000e-07 2.000572989536e-05
9.710000000000e-07 2.040494735449e-05
9.720000000000e-07 1.988638154610e-05
9.730000000000e-07 2.019192354969e-05
9.740000000000e-07 2.025240671281e-05
9.750000000000e-07 2.041575923409e-05
9.760000000000e-07 1.961262752534e-05
9.770000000000e-07 2.042481799426e-05
9.780000000000e-07 1.989293813357e-05
9.790000000000e-07 1.967134859375e-05
9.800000000000e-07 2.045408093221e-05
9.810000000000e-07 1.983710814845e-05
9.820000000000e-07 1.915052884388e-05
9.830000000000e-07 2.047562280581e-05
9.840000000000e-07 2.069359809444e-05
9.850000000000e-07 2.012081344205e-05
9.860000000000e-07 1.999691083664e-05
9.870000000000e-07 2.026906263440e-05
9.880000000000e-07 2.072682219330e-05
9.890000000000e-07 1.995738186511e-05
9.900000000000e-07 2.001893894121e-05
9.910000000000e-07 2.032602658367e-05
9.920000000000e-07 1.990825948115e-05
9.930000000000e-07 2.035346289253e-05
9.940000000000e-07 2.020828617870e-05
9.950000000000e-07 1.992725910936e-05
9.960000000000e-07 2.015645130962e-05
9.970000000000e-07 1.961827178919e-05
9.980000000000e-07 1.990677969229e-05
9.990000000000e-07 1.987988884871e-05
1.000000000000e-06 1.975037590156e-05
